4639
116 218 346 82
30 166 328 362
112 238 76 386
102 266 334 82
30 194 324 314
32 194 340 282
110 258 76 370
96 182 368 82
98 234 288 98
32 214 302 282
114 250 78 378
52 86 326 306
106 254 72 418
98 250 278 98
30 166 298 402
100 278 254 98
78 58 384 298
34 150 344 274
46 158 368 186
110 254 78 370
126 218 76 418
70 58 344 370
114 242 74 410
104 242 74 450
94 254 276 98
122 218 74 498
30 178 294 386
104 254 336 82
78 218 356 90
88 50 382 322
96 218 356 82
78 262 354 90
48 102 400 242
110 246 76 426
76 234 362 90
82 222 350 90
102 262 78 426
84 190 382 90
114 214 76 466
86 258 342 90
72 66 302 290
92 266 282 98
60 82 382 250
94 234 292 98
30 218 272 314
82 54 392 306
40 142 252 298
30 194 278 354
100 222 88 362
106 218 76 442
76 126 338 138
78 206 342 98
78 274 138 226
64 114 130 410
122 222 78 418
86 258 288 98
128 178 80 458
102 150 354 98
74 62 394 298
44 98 338 330
72 58 368 338
114 254 84 330
30 174 314 394
40 178 382 202
134 162 130 242
116 166 142 218
88 242 118 242
122 214 314 90
76 134 336 138
94 250 118 226
44 118 396 218
60 66 366 346
66 90 290 210
64 94 162 514
48 230 316 162
54 74 344 378
44 170 216 282
78 194 344 106
110 226 78 418
34 142 320 282
50 90 390 266
94 278 84 362
108 234 266 98
70 58 342 378
98 270 84 370
52 86 378 290
94 142 372 106
52 74 368 362
34 214 212 314
96 258 306 90
98 266 204 138
104 274 76 394
116 214 288 98
88 250 348 90
84 214 336 98
96 142 390 98
76 70 234 338
30 218 244 346
44 230 296 194
104 238 264 98
34 190 324 266
68 58 366 362
114 246 80 362
66 94 158 458
40 174 348 210
88 74 148 458
76 226 90 402
106 66 144 458
46 198 176 298
42 210 202 258
72 262 126 258
114 230 116 226
70 90 272 210
52 126 218 258
78 238 336 98
36 142 342 266
96 166 376 90
42 194 172 322
54 74 346 370
90 198 332 98
52 86 322 322
36 130 358 298
74 58 402 306
84 54 412 298
52 170 352 162
32 206 310 290
66 250 138 266
48 114 390 218
114 222 308 90
62 98 164 442
36 118 338 362
64 90 366 210
48 158 358 178
42 222 164 330
40 110 276 410
104 226 134 218
118 262 162 162
44 118 196 418
52 82 318 354
34 214 318 250
124 206 78 450
80 198 358 98
32 158 254 354
74 78 166 514
112 54 218 386
36 134 320 274
124 186 80 458
132 198 210 130
60 158 204 234
60 82 388 242
60 246 186 226
48 238 172 274
44 226 304 186
80 282 160 202
72 182 292 122
64 262 164 226
96 286 132 202
30 186 284 362
90 270 316 90
110 250 90 322
86 274 338 90
64 74 394 258
78 186 400 98
42 138 346 234
40 122 382 242
66 94 282 210
84 74 364 210
50 138 386 178
44 194 368 162
140 234 152 170
38 166 372 226
68 258 238 154
102 74 366 202
72 90 368 178
42 122 208 426
94 246 112 234
60 78 330 290
70 86 318 202
112 54 284 338
102 302 132 194
30 210 248 362
102 162 364 90
50 106 306 258
62 70 386 306
72 70 354 250
62 86 166 498
42 194 342 186
38 134 230 386
84 278 88 338
60 162 378 138
76 222 168 202
92 234 296 98
42 126 350 250
108 250 80 394
80 262 164 202
110 62 148 434
44 134 182 458
106 290 126 202
96 294 114 218
78 70 350 234
86 302 128 226
102 254 82 362
96 278 252 106
46 90 322 338
122 162 266 114
108 210 334 90
106 198 86 394
32 166 228 386
38 178 352 218
96 282 94 274
48 142 360 186
132 250 194 130
90 258 162 186
80 262 230 146
134 194 206 130
60 82 368 258
50 178 338 162
42 146 400 218
50 230 344 146
110 82 184 298
34 186 338 274
110 150 88 418
88 258 170 178
44 170 148 450
94 58 382 274
44 178 370 170
80 70 366 226
62 70 384 322
42 222 304 202
56 138 130 426
94 286 100 258
48 82 354 346
96 226 86 458
94 242 84 410
46 106 316 290
36 182 328 250
44 190 330 186
80 246 332 98
72 274 338 98
64 246 306 130
32 178 214 394
106 266 96 274
110 158 304 114
88 66 364 234
76 54 358 354
94 246 254 114
100 282 102 266
32 170 240 378
36 202 174 370
84 54 368 322
102 170 86 442
94 162 88 442
44 182 364 170
84 54 254 514
62 90 230 298
66 242 366 98
74 54 332 378
98 234 86 426
44 114 198 426
104 270 86 314
40 234 286 226
80 202 346 98
76 54 378 338
32 142 304 314
30 218 216 378
80 222 92 362
52 234 324 146
98 278 88 322
68 58 354 386
38 214 320 218
50 102 228 330
74 238 270 130
32 198 200 370
76 242 350 98
106 270 92 306
98 70 266 242
68 90 282 218
44 170 348 194
44 202 144 354
106 274 276 90
72 66 294 298
108 258 124 218
44 242 292 194
110 242 122 218
54 74 254 466
66 66 366 314
42 102 306 386
62 70 362 330
42 186 272 226
90 266 154 194
70 86 372 194
108 234 248 106
82 266 106 282
90 254 344 90
62 78 380 266
46 222 324 170
116 110 154 282
100 270 202 130
38 198 336 210
118 98 144 322
82 278 136 226
46 198 350 170
52 102 394 226
46 194 374 146
38 186 348 218
38 194 354 210
64 74 284 322
106 50 268 362
90 54 352 314
44 106 386 266
106 186 86 434
96 282 126 210
76 62 420 282
92 154 354 106
76 62 362 290
86 238 134 234
96 138 362 106
66 62 264 466
42 134 232 330
52 150 132 474
44 134 382 218
42 210 188 298
132 186 168 178
42 130 190 434
96 162 364 98
46 142 288 234
88 54 408 290
34 178 342 266
88 54 376 298
66 70 284 330
88 158 360 106
42 110 372 266
94 282 102 282
58 78 348 298
88 270 270 98
92 162 352 106
44 206 352 162
44 190 338 178
96 266 126 218
96 286 110 250
98 274 248 106
52 150 368 162
102 254 236 106
48 186 312 170
120 230 72 482
124 230 72 466
52 90 386 282
102 274 234 106
48 138 158 426
46 166 322 194
118 206 84 378
40 226 240 250
120 186 128 242
114 246 86 322
102 198 322 98
44 234 196 274
102 210 84 418
108 238 94 314
54 254 272 170
36 126 330 330
42 242 308 194
30 218 228 354
52 198 310 170
42 146 326 242
68 178 100 378
30 210 260 338
58 242 318 138
74 242 312 106
92 258 130 226
94 218 368 82
58 234 328 138
42 170 308 226
98 186 342 90
56 146 128 442
50 82 322 370
48 86 348 346
106 62 282 274
90 154 370 106
90 54 368 298
54 218 360 130
134 214 158 178
60 70 296 402
104 286 104 242
48 106 280 306
52 190 338 154
72 242 152 226
42 230 312 194
68 194 94 442
70 70 380 250
80 210 92 402
122 102 164 282
84 270 110 266
56 154 130 418
112 138 290 122
88 166 374 98
56 170 126 394
96 158 336 106
68 206 290 138
34 174 340 274
92 154 312 114
92 270 198 146
88 54 374 306
78 266 274 122
42 130 336 258
56 230 288 162
46 202 334 170
80 238 254 130
94 258 128 218
72 66 268 370
126 190 78 442
74 246 148 226
30 214 282 298
40 142 320 250
76 270 260 130
40 242 256 234
38 146 288 290
92 114 350 130
60 102 174 378
62 74 232 410
72 70 264 338
36 158 240 330
50 166 190 266
70 186 98 378
48 158 352 186
36 214 298 250
58 194 368 122
62 142 246 194
46 202 272 210
102 278 106 242
78 242 122 258
42 130 296 274
58 94 310 242
44 134 216 354
60 70 230 426
38 170 322 234
96 266 182 146
88 82 316 202
66 74 276 338
72 194 364 98
118 162 86 426
110 110 184 234
52 234 292 170
54 82 384 298
84 142 378 106
44 218 200 258
136 186 166 178
76 218 170 202
30 186 304 346
130 222 162 178
40 138 250 330
72 70 170 498
44 194 326 186
94 286 116 218
96 206 346 90
100 258 236 114
76 266 178 194
40 134 254 338
92 274 168 178
112 298 158 154
50 106 326 242
122 222 116 234
68 246 340 106
78 50 390 330
90 254 88 426
108 50 306 338
124 226 120 226
64 258 192 210
102 222 330 90
116 222 100 290
36 170 266 290
124 238 118 218
46 178 358 170
64 62 360 378
104 194 132 242
122 222 286 90
42 110 350 306
86 278 174 178
84 270 176 178
66 82 408 218
56 202 310 154
86 54 352 322
108 114 168 242
60 238 338 122
56 78 382 314
68 66 304 354
66 118 372 146
70 62 272 434
90 54 348 322
112 226 312 90
44 102 366 298
40 146 360 226
108 142 292 122
74 62 338 330
76 230 356 98
76 58 394 306
90 294 158 186
46 178 186 306
36 126 302 338
110 294 196 130
94 262 158 186
48 154 376 178
84 50 356 362
82 58 380 298
98 270 322 82
102 266 272 98
74 90 376 170
104 222 328 90
66 246 322 114
58 238 300 146
70 214 372 98
44 226 276 202
44 158 384 194
72 254 144 242
52 214 302 162
88 50 336 354
66 250 178 218
92 262 222 130
72 202 284 130
42 114 388 250
40 218 348 178
100 262 128 210
90 270 250 114
78 194 294 114
56 238 316 146
122 234 122 210
74 142 390 114
104 194 318 98
96 274 154 186
58 82 390 266
42 214 334 178
100 166 86 482
74 62 340 314
100 250 150 194
72 70 288 306
36 218 294 250
84 134 396 114
40 122 274 370
118 262 258 98
44 238 272 202
76 70 358 234
42 162 310 234
96 150 356 106
44 138 176 450
98 262 196 146
62 66 344 394
40 134 326 266
38 222 316 226
100 254 146 194
102 158 90 410
64 74 310 298
110 146 358 106
40 130 234 362
62 66 346 386
74 66 264 354
126 198 84 418
108 138 338 114
74 234 170 210
58 202 208 218
90 134 390 114
74 174 96 394
84 70 154 474
102 134 382 114
108 170 86 434
36 210 282 258
92 266 160 186
108 278 118 218
138 226 150 178
46 206 208 266
36 210 198 330
50 234 340 146
46 210 326 178
50 82 340 354
82 50 342 386
48 186 276 210
70 234 312 114
80 86 336 186
66 214 146 266
108 246 114 226
86 198 92 434
80 182 350 106
104 138 312 122
54 110 176 426
104 234 128 210
42 170 282 242
94 130 384 114
118 146 94 362
120 226 84 370
98 226 308 98
78 54 280 498
84 178 386 98
74 66 262 362
42 138 336 250
60 178 110 458
126 250 160 162
72 198 284 138
74 254 134 242
42 150 360 218
74 170 96 426
130 254 158 162
44 218 266 210
44 186 214 282
42 114 350 298
138 222 158 170
84 74 176 362
102 230 138 210
38 130 246 394
88 162 92 410
40 138 290 290
70 66 210 506
82 54 252 522
110 62 280 274
104 214 314 98
52 162 212 258
70 290 110 290
118 106 182 258
84 150 286 130
68 58 294 434
50 166 208 258
76 202 96 362
104 214 130 226
42 118 212 474
44 186 166 338
66 174 312 138
64 174 292 146
42 126 214 418
132 126 116 322
36 198 246 274
46 150 276 242
44 182 250 250
48 210 236 226
114 142 90 434
70 166 110 378
68 146 112 370
94 110 136 322
64 98 148 434
108 94 160 306
100 118 128 314
104 90 158 322
102 102 164 290
82 138 98 410
104 86 156 354
100 66 152 410
98 86 120 426
90 118 104 434
90 94 108 442
112 94 112 434
104 102 112 418
88 78 162 386
118 98 116 394
74 106 110 458
74 110 120 442
104 94 114 418
88 102 138 362
102 122 138 298
100 126 100 434
104 138 124 298
78 166 106 330
102 126 100 410
106 126 98 450
72 106 134 426
84 130 118 338
84 86 160 378
98 166 94 346
92 162 94 370
94 162 92 362
64 94 184 346
92 102 114 418
78 118 104 458
76 110 148 330
84 154 110 322
76 102 154 346
82 118 106 402
74 102 172 314
82 110 114 426
60 90 242 306
84 126 104 402
54 98 236 306
70 158 104 402
74 102 144 370
58 118 178 306
68 150 108 386
84 130 124 330
44 118 208 394
58 98 202 314
72 158 116 322
54 98 230 314
72 170 124 306
56 154 174 258
78 170 128 266
80 110 146 322
56 130 160 298
80 118 152 298
88 186 152 218
56 118 220 266
64 158 138 306
66 102 184 322
62 154 182 242
70 126 254 186
62 174 172 242
60 150 190 250
76 166 130 290
72 166 134 266
64 166 152 274
72 142 128 314
72 162 138 266
72 186 134 258
80 202 138 242
76 130 144 290
64 102 174 370
88 150 138 274
96 126 140 282
64 102 180 330
104 154 124 250
98 166 118 266
100 94 184 274
82 114 154 298
74 138 154 282
84 170 126 266
108 150 122 282
96 94 178 290
110 90 188 274
94 138 112 314
98 142 150 234
94 126 138 298
56 174 130 322
82 94 188 298
92 94 224 226
76 90 214 258
112 166 240 130
86 90 192 266
84 198 140 242
88 114 178 242
84 214 136 234
120 154 202 154
88 146 160 234
78 114 152 306
70 162 304 138
98 166 268 114
64 154 304 154
104 154 282 122
94 134 178 218
72 170 218 178
64 102 194 314
84 190 216 154
108 86 186 290
78 186 178 210
74 138 136 290
88 190 186 162
100 182 190 146
96 170 190 170
80 134 122 314
84 138 132 282
72 138 140 298
106 182 180 162
78 166 298 130
82 158 228 162
90 146 232 162
74 134 160 274
72 142 156 274
92 178 156 218
84 94 182 306
92 178 160 210
84 106 144 322
90 146 234 154
76 154 162 242
100 86 174 314
96 122 252 146
86 146 242 162
70 186 218 178
74 210 278 130
64 94 202 314
102 106 248 178
76 94 180 314
108 138 228 162
106 130 176 226
118 150 214 154
102 106 238 186
100 94 228 218
110 150 276 122
58 118 204 282
82 170 244 154
106 114 186 234
72 146 176 218
60 206 296 146
98 166 200 146
90 154 230 154
122 166 174 170
96 102 190 258
68 194 278 146
96 178 262 114
90 174 194 162
124 146 176 194
74 154 140 282
98 166 178 186
84 114 186 242
116 170 178 170
100 174 154 202
92 190 278 114
88 182 260 122
90 186 202 154
110 126 158 258
104 162 212 154
120 146 258 122
62 106 228 250
80 166 168 218
88 86 194 274
88 106 184 258
114 178 170 170
106 138 230 162
90 154 206 162
106 166 176 178
112 206 168 170
94 102 264 178
102 166 184 178
98 106 208 226
96 154 152 226
96 110 192 226
70 122 226 202
90 178 184 178
100 138 232 162
122 162 198 154
90 170 202 162
106 94 222 226
98 174 160 202
108 114 206 210
94 154 160 218
108 162 192 170
96 182 178 170
80 98 214 242
74 162 174 218
96 102 308 154
92 198 142 226
84 142 192 186
94 102 314 154
82 150 192 194
54 126 196 298
86 142 168 234
62 182 184 218
72 178 172 234
68 130 226 202
54 90 248 322
66 178 168 242
68 150 192 226
64 74 326 282
58 158 206 234
50 98 228 378
60 122 212 250
74 114 228 210
66 130 262 178
70 166 326 130
70 126 268 178
52 86 272 338
68 78 320 226
62 122 252 194
60 86 296 250
44 118 316 282
68 102 202 282
58 158 266 186
62 90 302 242
56 94 330 242
66 90 212 322
52 126 310 202
54 178 244 210
58 134 320 178
52 110 294 234
54 134 332 178
68 94 266 218
64 102 198 298
58 130 350 178
66 102 208 282
80 94 184 306
62 98 188 322
58 102 208 298
88 94 190 282
94 154 284 130
56 134 246 234
78 94 208 258
50 146 228 266
52 122 276 218
62 162 324 146
60 118 246 218
64 138 300 162
102 74 192 314
68 122 230 202
80 70 232 322
66 126 300 170
62 86 244 282
74 66 290 290
60 126 238 218
86 62 294 274
96 62 266 298
58 86 284 290
54 90 254 266
52 138 234 250
66 78 266 322
66 86 274 250
104 58 298 282
102 58 290 290
100 58 270 306
50 102 282 266
56 110 268 242
80 122 244 186
82 70 232 290
54 118 246 250
66 118 232 210
64 154 240 186
78 86 226 282
102 54 286 330
74 118 226 202
104 66 230 282
88 66 274 274
88 66 230 314
78 66 304 274
94 66 306 258
72 106 224 226
88 98 226 226
100 78 202 290
78 90 270 202
106 70 248 250
72 106 214 242
88 74 226 274
90 70 228 290
108 106 246 178
72 106 234 218
90 134 178 226
80 98 218 234
100 66 214 314
98 66 206 330
92 54 196 418
96 66 208 330
100 54 194 434
90 50 288 410
72 86 300 226
98 66 214 322
106 62 198 378
30 182 322 330
106 266 258 98
110 54 318 314
90 258 372 82
108 262 78 410
32 218 230 338
50 190 372 138
90 238 128 234
46 194 354 162
76 70 344 266
108 206 314 98
68 230 238 170
66 78 230 346
80 82 336 202
46 106 252 354
42 186 172 346
52 170 152 322
70 254 198 194
108 226 152 194
58 70 260 450
68 86 368 210
70 62 340 354
86 258 150 202
96 258 144 202
36 142 354 250
48 126 378 194
54 146 364 146
46 246 284 186
102 226 108 258
78 98 300 186
40 210 346 186
38 202 324 226
42 106 334 346
34 206 326 258
88 270 94 330
84 250 170 194
68 238 276 130
104 94 148 338
100 282 228 114
114 158 312 106
104 278 90 282
92 242 170 186
52 206 362 138
116 74 210 282
110 66 194 330
120 190 88 410
60 98 168 498
104 238 78 434
48 158 136 434
34 138 296 322
44 218 314 178
44 114 338 274
76 246 244 146
38 166 232 306
70 58 330 402
96 226 260 106
86 58 382 282
36 166 334 266
46 158 328 202
36 158 338 258
44 190 174 330
66 186 100 394
60 238 194 226
74 214 276 130
36 202 310 242
76 246 142 242
100 62 300 266
96 74 290 218
64 130 276 186
66 86 290 234
42 206 170 338
70 66 282 330
54 194 368 138
44 194 164 338
82 126 334 138
62 250 194 210
82 250 108 274
90 58 392 274
78 70 300 250
108 74 174 338
108 94 150 330
50 166 378 162
50 194 326 154
96 58 324 298
36 198 378 226
70 66 386 282
78 222 136 242
98 114 320 138
62 150 114 474
46 118 350 234
66 94 384 186
50 214 352 146
76 262 262 130
118 250 194 138
118 194 122 250
112 206 82 426
130 182 128 242
128 186 110 282
54 90 206 442
40 182 220 290
44 162 204 298
56 194 266 186
52 206 262 186
118 226 74 498
118 234 74 466
114 242 106 234
54 210 334 146
42 234 300 202
48 218 162 314
64 62 334 402
90 254 108 266
52 150 228 250
44 178 202 290
32 178 242 370
74 62 400 290
70 62 254 498
36 174 342 234
42 134 374 234
104 254 142 202
64 70 326 338
132 174 84 442
30 210 290 322
36 190 256 290
80 246 290 106
62 242 374 106
58 70 304 426
44 114 218 410
56 206 236 194
74 258 170 202
38 142 268 330
56 86 208 402
96 278 174 162
86 82 324 202
34 146 268 362
74 218 174 210
80 226 166 202
40 178 344 210
70 214 94 386
102 274 254 98
126 226 118 218
64 274 126 274
40 186 348 202
66 214 174 226
98 54 308 330
106 54 324 298
44 114 294 306
106 110 176 242
46 218 278 202
44 138 320 234
98 150 308 114
74 62 324 346
94 286 190 154
92 254 126 234
86 50 376 354
68 274 120 266
60 78 362 282
72 218 346 106
74 170 298 138
40 230 266 234
58 250 168 242
38 218 332 210
46 202 348 154
48 218 330 162
100 258 136 202
124 250 126 202
66 62 374 346
46 126 184 386
94 262 214 130
92 310 146 202
96 278 164 178
124 190 118 258
96 246 136 210
50 238 186 258
54 154 130 450
60 146 124 434
124 186 84 450
50 190 222 242
38 194 334 226
48 150 140 450
98 158 374 98
92 302 152 194
84 294 130 226
84 54 348 338
52 258 188 242
40 158 368 218
38 162 336 242
42 154 344 210
40 142 312 266
74 70 266 322
76 62 302 338
64 266 248 170
58 254 204 218
72 178 314 130
40 150 300 266
68 242 154 234
72 262 146 226
106 174 344 98
84 78 372 202
88 278 130 234
102 182 340 98
80 138 376 114
58 226 234 194
84 274 148 210
106 266 134 202
46 98 362 298
40 182 182 338
44 226 322 170
76 54 306 402
52 162 324 178
74 246 346 98
90 234 126 250
52 238 314 154
80 258 278 122
40 154 290 266
42 142 364 226
66 230 170 226
44 174 206 290
52 154 348 178
36 150 336 266
74 58 260 482
78 58 260 474
126 242 178 146
56 238 134 290
40 166 318 234
72 162 98 426
80 246 116 282
44 110 322 306
104 86 152 362
38 202 210 306
38 134 276 322
142 218 160 170
104 70 342 226
66 118 378 138
44 102 350 314
120 198 82 506
76 210 328 106
76 226 126 266
112 98 180 266
96 206 150 210
108 214 136 210
80 242 136 234
122 270 158 162
48 142 236 258
82 90 346 170
44 182 226 258
94 118 142 298
90 126 124 322
80 138 100 426
108 110 150 298
94 78 148 410
78 78 162 450
104 102 138 346
102 114 106 362
68 110 136 442
88 110 98 466
104 70 150 434
96 70 166 410
70 102 134 466
66 130 118 442
92 162 92 386
74 118 120 418
82 106 146 338
96 102 138 354
90 98 168 298
88 106 142 322
58 98 186 386
60 98 186 378
50 162 192 282
58 138 200 258
78 110 146 346
52 134 176 322
94 210 148 210
94 194 154 210
60 178 192 234
74 146 148 266
66 158 118 354
62 78 208 426
84 134 136 298
92 134 138 282
106 102 176 274
90 106 164 298
96 142 136 274
76 178 128 274
68 178 134 282
60 202 142 282
74 194 130 266
84 102 208 242
78 126 152 290
80 198 150 218
60 102 220 290
88 206 138 234
56 170 136 354
90 86 162 362
94 134 146 266
80 114 170 282
64 158 188 226
80 170 230 162
78 158 148 242
80 126 134 306
100 130 248 146
60 118 168 322
108 82 196 290
116 146 200 162
80 134 302 138
94 114 212 202
80 154 174 218
78 114 174 282
94 158 216 154
118 162 172 186
112 174 170 178
104 186 254 122
108 194 216 130
120 142 168 218
62 122 160 322
90 214 278 114
84 126 182 234
74 150 168 242
102 178 210 138
94 174 256 130
80 150 156 242
54 174 222 234
104 198 272 106
98 186 242 130
88 190 254 130
90 166 284 122
94 182 190 162
102 186 256 122
100 118 250 154
104 130 178 226
110 182 222 130
90 110 204 218
100 122 162 274
98 98 204 242
86 102 212 234
88 166 154 234
104 178 140 234
102 150 144 242
78 174 232 162
98 150 148 242
96 142 156 242
112 166 138 242
104 154 156 218
72 162 194 186
96 106 302 154
92 206 136 234
76 122 170 274
80 126 166 250
46 130 218 314
46 106 232 378
70 146 180 242
72 102 208 266
64 82 310 258
56 170 254 194
76 102 246 218
66 94 330 202
72 94 292 202
60 102 222 266
50 130 290 226
52 94 322 290
68 154 270 162
52 174 370 154
54 138 278 194
90 158 282 130
58 102 232 266
96 82 200 282
72 66 272 346
60 126 284 186
54 106 282 234
70 158 334 130
54 90 250 282
52 106 256 266
64 102 242 242
54 122 226 274
66 130 192 242
64 86 286 258
52 114 230 298
72 126 250 186
106 58 266 298
86 98 248 202
46 146 278 242
88 94 286 186
78 110 254 194
98 66 230 298
96 66 298 258
98 58 314 258
74 94 280 202
94 94 220 234
82 62 322 250
78 58 278 410
76 90 286 202
70 126 210 218
70 170 274 154
96 78 206 306
86 94 218 242
106 90 242 210
68 102 210 274
96 138 192 194
96 102 216 226
70 86 280 242
66 94 234 258
88 50 296 378
108 62 206 354
76 66 258 346
74 102 292 186
86 66 270 298
62 94 192 362
110 58 208 362
84 70 230 322
94 66 164 450
62 98 246 250
104 230 290 90
74 214 348 106
68 218 296 130
30 226 234 346
56 202 186 242
60 126 136 450
106 250 86 354
52 230 318 154
104 214 340 90
44 110 226 394
98 58 178 482
38 138 252 338
50 118 264 258
92 202 306 106
72 58 408 314
34 162 260 314
116 278 162 162
108 258 146 178
124 190 218 122
62 74 346 298
52 106 342 226
82 238 120 266
40 142 226 386
120 186 284 106
112 262 94 290
78 258 256 138
70 82 358 210
64 66 368 330
104 298 196 138
40 170 152 426
112 222 256 106
78 114 294 170
58 214 354 130
80 250 240 138
110 202 132 226
92 114 370 122
90 54 400 290
86 50 274 474
38 138 334 258
76 222 260 138
82 238 148 226
42 106 380 322
80 86 276 218
52 206 374 130
112 58 178 418
62 262 310 130
38 142 272 314
34 210 324 258
92 58 368 290
70 70 346 266
106 106 162 282
110 134 142 266
40 190 330 194
50 190 364 154
88 54 350 322
58 162 128 362
52 206 354 146
84 106 316 162
48 198 280 202
66 146 380 130
82 182 332 106
36 194 212 330
108 266 186 138
66 182 156 258
112 286 196 130
42 118 356 266
78 198 152 234
42 214 316 194
44 106 332 322
46 154 304 218
50 238 198 242
44 218 294 202
32 190 278 298
54 158 124 450
68 66 224 482
114 130 154 242
94 230 162 194
102 238 134 210
44 142 316 234
48 158 290 210
68 66 316 330
36 122 332 370
40 138 194 458
42 122 224 394
40 142 206 442
52 242 204 234
64 118 228 218
62 130 244 210
68 234 162 234
46 150 304 226
114 98 178 274
48 214 212 250
40 110 370 330
42 162 320 226
36 138 264 354
100 186 332 98
32 166 296 314
100 286 146 186
124 214 112 234
46 114 310 290
102 54 334 298
70 66 280 378
42 106 332 370
44 114 296 298
90 254 154 202
94 238 158 202
94 190 310 106
102 122 172 234
124 134 148 250
42 202 194 306
96 190 338 98
78 70 264 330
44 186 178 330
50 130 182 338
100 234 132 218
100 246 130 218
70 282 114 282
36 154 262 322
64 66 342 346
56 242 278 170
82 242 184 178
68 62 394 338
70 58 362 362
122 254 150 170
34 218 292 274
58 150 126 426
64 118 128 474
48 138 242 266
44 134 198 386
48 142 154 434
62 106 144 466
86 202 312 106
82 194 326 106
58 242 198 226
66 126 362 146
72 262 162 218
68 250 234 178
68 250 188 210
70 66 276 418
104 274 228 114
38 178 220 330
52 134 324 194
46 170 362 178
46 162 360 186
104 178 342 98
94 218 146 218
82 266 150 210
106 238 146 202
46 230 296 178
102 178 320 106
98 182 330 106
102 270 90 322
68 230 328 114
84 258 286 106
46 190 238 250
44 162 180 362
92 158 96 386
44 114 220 402
114 142 116 306
46 162 200 306
52 106 194 474
38 150 348 234
78 202 338 106
78 58 266 466
90 162 354 106
102 214 138 226
48 234 250 210
84 130 368 130
84 122 372 130
44 210 310 186
40 142 208 418
38 114 354 314
62 110 364 170
50 98 226 482
46 94 324 314
46 162 212 290
46 170 222 274
40 138 208 426
94 210 160 202
38 122 236 426
48 142 278 226
46 142 270 250
58 94 178 450
48 202 334 162
42 178 262 234
68 166 266 162
88 78 154 418
98 86 318 186
96 86 328 186
68 114 362 154
70 66 264 442
106 138 96 402
44 202 216 274
40 190 256 250
40 190 226 282
58 182 242 202
48 218 254 210
44 178 232 266
74 82 174 410
102 90 152 354
104 114 104 418
108 118 104 402
80 186 104 330
82 154 110 330
74 134 104 450
104 82 130 402
84 170 110 314
74 98 200 290
76 134 154 282
88 86 172 322
60 106 234 258
70 162 144 282
58 150 190 258
60 142 156 298
68 94 222 282
46 150 182 314
84 154 130 290
68 134 148 306
74 142 152 266
74 174 128 282
60 154 198 242
62 138 144 322
56 170 142 306
94 114 146 306
72 150 126 314
86 154 128 274
84 162 130 282
96 222 136 226
80 118 168 282
110 98 156 322
86 86 192 290
66 138 150 306
58 142 154 314
54 134 164 314
60 162 146 306
60 142 152 322
78 158 130 290
66 162 144 298
86 114 178 250
60 214 154 266
70 90 228 274
90 178 288 114
86 174 146 234
54 130 190 298
58 130 212 258
68 94 170 322
82 138 138 282
82 162 146 242
56 130 190 274
64 134 210 234
102 166 198 170
70 166 140 290
84 106 142 330
104 94 188 266
124 150 190 178
80 114 180 258
76 142 140 282
76 106 172 306
62 214 290 146
76 194 242 154
112 158 198 162
100 170 160 210
126 202 170 162
78 226 226 154
116 130 176 218
98 166 194 178
82 162 192 186
64 226 258 154
88 178 280 122
88 174 164 218
84 134 254 162
68 154 222 194
104 126 246 154
106 134 144 258
78 122 164 282
92 158 164 218
90 170 190 178
92 174 132 250
88 186 190 178
100 134 156 258
88 150 166 218
110 162 190 178
80 218 218 162
64 222 240 178
104 162 150 226
58 118 230 250
54 158 196 274
54 154 202 274
76 138 238 178
70 106 168 346
46 102 236 362
44 106 274 354
62 238 236 186
58 74 272 402
58 86 208 386
48 118 240 338
56 130 246 242
70 66 332 314
56 214 234 202
46 110 286 314
44 106 264 362
66 162 226 194
66 178 352 130
62 166 244 186
54 134 226 250
60 114 196 290
54 170 298 170
64 90 284 234
70 162 216 186
46 122 270 282
70 154 350 130
62 138 318 170
48 130 246 290
52 186 312 162
46 158 226 274
52 158 308 186
60 118 206 274
58 74 302 394
64 142 266 186
58 98 338 234
64 126 312 170
56 122 170 322
54 142 178 306
56 106 242 258
62 90 242 290
82 66 276 298
104 62 258 306
54 110 250 266
66 90 224 290
92 106 212 226
64 142 214 218
58 102 238 258
82 66 254 322
64 138 236 210
96 90 182 290
88 82 190 306
52 158 290 194
64 142 292 162
80 114 228 202
96 62 284 274
94 66 232 298
108 78 238 250
96 158 274 130
100 94 210 250
102 70 232 274
78 134 242 178
70 118 184 282
68 126 248 194
72 138 250 178
74 146 208 194
92 130 268 154
48 102 346 274
96 130 204 194
94 98 218 210
76 134 210 202
72 142 222 202
70 86 270 250
84 122 210 210
70 82 256 266
90 138 278 146
70 66 324 322
86 86 200 274
98 86 214 250
94 62 264 306
110 58 194 410
106 50 266 386
70 90 270 226
64 98 238 258
70 134 292 162
110 218 230 122
110 202 108 266
58 222 194 234
60 98 302 226
98 238 258 114
90 78 152 434
106 74 148 442
70 90 240 258
52 118 222 282
100 206 260 114
64 238 282 146
80 62 396 274
56 98 372 226
70 198 334 122
124 210 210 130
76 258 212 162
74 278 216 162
38 226 190 346
76 178 294 130
60 74 334 330
54 82 348 314
38 170 318 250
38 158 342 250
94 90 324 186
70 70 342 282
68 74 188 474
48 202 262 210
112 82 162 362
106 86 132 378
72 262 274 138
124 218 238 114
120 182 256 114
80 246 214 162
58 198 194 242
72 198 178 210
106 82 194 298
64 74 356 274
62 74 332 314
52 82 356 330
42 202 218 282
60 206 156 266
48 106 314 274
80 102 350 154
42 118 336 290
46 118 184 418
60 90 196 402
88 50 288 450
36 138 318 290
42 130 344 250
32 190 210 386
62 98 290 234
48 86 248 434
126 254 192 138
58 194 270 178
102 74 150 426
36 150 294 306
50 226 300 178
100 290 222 114
76 62 352 298
52 202 298 170
86 54 330 330
62 78 322 314
78 82 380 202
88 250 278 114
52 226 296 170
74 234 266 138
42 206 214 274
60 198 180 242
44 206 236 250
64 110 356 170
108 222 112 250
48 198 286 194
46 170 206 282
56 154 126 434
38 206 200 346
108 78 150 386
30 186 306 338
34 194 250 314
98 222 166 194
92 214 162 202
64 66 234 450
106 138 310 122
100 234 168 186
118 194 84 450
64 226 196 210
40 158 346 234
62 230 164 242
76 58 316 346
42 110 326 354
38 182 274 274
44 114 204 418
46 98 232 442
38 138 210 458
48 186 206 258
48 138 366 194
38 198 202 346
66 254 166 234
56 210 288 170
84 250 160 202
54 102 218 354
88 266 196 154
106 98 184 258
46 134 270 274
84 62 184 514
46 182 290 210
86 270 132 234
104 50 316 338
104 54 326 298
58 162 324 162
78 266 192 186
106 230 168 186
42 142 304 258
46 130 274 274
68 102 200 290
76 102 376 154
98 246 132 210
46 166 202 290
36 166 294 290
58 182 328 146
120 130 146 266
96 194 366 90
38 126 292 330
46 162 172 346
42 130 228 354
46 186 144 346
54 150 148 354
66 66 362 338
68 66 362 322
54 246 298 162
86 246 194 162
120 238 92 346
70 142 394 106
34 162 316 298
66 126 126 474
70 274 204 186
74 274 184 194
48 134 200 322
44 106 318 330
52 126 160 458
58 74 378 330
46 154 294 226
70 210 298 130
70 58 332 394
76 62 326 322
62 102 358 194
58 226 272 162
38 194 216 322
42 118 320 314
110 226 186 146
84 134 378 122
44 226 176 306
48 222 158 322
72 90 178 386
70 246 172 210
82 238 300 106
86 234 302 106
104 242 150 202
104 222 138 210
52 94 380 282
56 222 332 146
38 174 276 274
36 158 260 322
94 274 94 314
88 258 104 282
42 114 344 322
102 222 92 354
76 58 340 338
80 174 328 122
108 226 170 186
48 118 254 306
42 118 260 394
72 222 326 106
66 214 302 138
106 138 118 306
78 270 194 178
76 254 204 170
78 266 200 178
82 242 222 154
78 250 286 122
80 54 274 474
72 142 384 130
40 170 194 362
50 178 298 194
64 166 114 386
48 110 224 386
106 98 144 338
38 186 230 314
42 110 334 338
40 118 360 306
42 118 318 322
42 166 340 218
50 102 216 482
42 118 330 306
46 182 248 226
46 174 178 322
46 182 174 338
104 218 108 282
92 86 332 186
44 154 194 346
38 182 240 298
68 186 332 130
52 158 212 274
38 178 292 258
112 230 222 122
40 170 230 306
44 158 234 274
46 170 238 258
48 154 204 290
40 182 266 250
38 198 254 258
38 190 250 290
40 198 232 274
50 170 286 202
42 174 218 290
84 146 96 410
114 90 180 290
112 94 180 274
104 126 116 330
88 82 148 410
62 110 170 370
82 98 148 386
80 158 110 354
72 118 118 434
58 162 134 354
84 166 96 394
88 78 150 450
116 78 142 426
66 118 144 394
82 90 154 378
82 130 126 330
54 142 180 298
60 118 164 338
62 94 222 306
78 78 208 362
52 126 210 282
62 170 162 266
64 122 212 242
52 182 176 290
60 170 170 266
54 146 186 290
42 174 198 322
58 174 168 274
46 190 176 306
66 154 146 314
54 146 200 282
44 178 164 370
46 182 146 354
64 98 262 242
50 138 178 346
68 146 158 282
74 150 174 234
66 142 148 306
66 146 140 322
64 150 132 330
78 150 124 306
76 106 152 354
100 210 142 218
72 106 204 274
60 146 130 410
60 166 142 306
110 90 172 298
100 102 152 322
100 98 186 266
68 142 138 314
56 154 144 338
48 178 156 338
52 166 146 346
54 154 152 338
56 162 152 306
64 182 150 266
66 190 148 266
72 78 244 274
70 78 246 274
48 142 176 354
50 218 158 322
50 202 160 314
56 194 150 298
86 178 122 274
66 86 226 322
96 198 128 258
70 170 106 386
54 194 130 338
54 154 224 242
92 90 160 346
72 154 242 170
68 162 162 258
78 182 282 138
76 118 172 282
80 130 164 274
82 122 236 194
74 86 192 346
72 90 202 330
90 110 304 154
72 158 146 274
80 198 226 162
106 174 234 130
116 210 166 170
118 174 198 146
96 162 270 130
66 182 140 274
66 134 154 306
90 142 160 234
76 138 166 250
80 138 172 234
82 150 158 234
98 182 252 130
72 150 136 290
112 166 144 226
60 118 200 282
102 162 280 122
74 190 278 146
88 154 212 170
110 170 254 122
94 190 182 178
96 130 246 154
102 86 208 258
92 146 146 258
104 146 142 250
98 158 142 250
70 154 164 258
80 154 148 258
108 142 134 274
78 122 170 258
80 138 164 250
64 230 234 186
116 170 138 226
80 118 172 274
90 118 236 186
58 106 218 290
76 138 156 274
58 114 226 258
80 122 138 314
70 130 154 306
46 134 196 354
76 142 184 218
48 122 206 370
56 102 196 354
48 114 222 370
50 130 188 330
46 138 192 346
82 130 260 170
60 74 270 402
80 118 138 322
48 106 242 346
50 94 310 314
60 178 234 194
54 122 240 266
76 106 196 250
66 126 282 186
72 146 216 202
84 170 208 178
92 106 234 202
86 114 238 194
46 110 296 306
62 154 268 186
62 122 314 178
46 182 246 242
48 106 366 250
68 158 292 154
56 142 188 274
64 134 196 250
74 178 302 130
50 186 328 162
50 154 222 250
58 162 262 194
52 174 316 170
48 126 204 362
48 138 188 346
54 110 236 290
52 126 206 298
62 98 346 210
56 138 224 250
60 150 282 186
58 130 290 194
58 98 360 218
60 98 296 234
54 118 304 218
60 122 290 186
52 134 170 338
58 118 272 218
42 134 266 306
48 146 272 242
66 118 290 186
48 158 266 242
106 94 212 242
56 94 248 266
54 98 248 282
88 114 222 210
70 150 232 194
70 122 296 170
74 138 278 162
62 162 218 218
58 182 256 186
70 86 252 266
90 86 254 234
76 178 230 170
62 146 230 218
66 142 228 202
68 174 244 178
72 94 262 226
76 94 270 210
90 90 262 210
64 154 278 170
54 142 274 202
80 66 262 330
72 134 314 154
94 98 276 186
88 78 230 266
84 86 200 314
84 94 178 314
94 110 188 234
86 106 222 218
94 78 226 266
92 110 234 194
90 94 212 250
78 102 202 266
74 110 266 186
72 142 234 186
80 102 242 202
52 98 336 274
104 106 190 242
86 86 230 266
86 58 258 330
54 134 290 202
74 146 286 154
74 82 294 250
86 82 230 274
100 86 232 242
94 86 230 258
74 102 256 218
80 102 290 186
72 90 220 282
78 86 254 242
94 62 186 450
80 62 208 458
60 114 248 242
62 98 226 290
68 134 280 170
106 214 330 90
88 214 366 90
72 66 378 266
32 154 290 386
80 170 396 90
82 54 298 378
112 202 82 442
38 138 290 306
34 134 270 378
132 186 82 442
68 70 368 290
132 166 112 282
94 242 114 258
92 246 152 202
64 82 176 506
48 222 308 170
48 90 366 298
46 202 190 290
62 98 152 458
108 210 122 242
50 86 326 354
36 122 334 306
50 198 166 322
36 210 340 226
126 190 86 418
64 86 378 210
66 258 242 162
94 230 128 250
60 82 338 274
64 70 362 322
108 234 82 386
80 266 112 258
44 166 362 194
54 230 316 154
50 186 370 154
42 178 354 202
80 258 110 274
46 122 180 426
42 126 266 322
116 230 124 218
122 214 114 242
32 186 214 362
46 102 400 282
46 94 376 290
94 274 136 210
62 94 388 210
48 218 306 178
64 178 348 138
86 298 122 234
50 166 170 322
48 186 380 154
100 206 84 450
82 58 356 314
72 62 260 474
68 62 288 434
50 122 216 338
102 278 224 114
36 146 316 274
40 146 312 258
48 166 306 194
42 206 234 266
54 246 264 178
72 166 98 394
92 250 136 218
48 118 230 346
44 106 368 282
38 234 302 226
88 170 372 98
76 190 356 106
50 190 322 162
124 210 82 418
42 134 346 242
54 106 202 378
34 210 266 298
62 94 306 234
104 106 214 218
124 166 192 162
64 270 150 250
70 78 184 458
40 198 320 210
90 274 126 226
80 270 186 178
86 282 160 194
108 298 178 146
76 50 366 362
122 214 104 274
60 102 160 466
64 90 374 194
68 62 296 418
46 154 344 194
50 162 362 170
80 250 130 250
32 214 252 322
74 242 310 114
88 290 182 170
98 254 158 194
112 226 84 378
74 186 280 146
60 242 328 130
90 282 164 170
86 114 376 130
74 234 172 202
52 78 366 386
108 190 330 98
44 162 298 234
66 158 110 410
40 202 326 202
96 238 134 226
114 286 136 194
96 214 130 250
48 174 224 250
78 210 94 362
104 210 124 242
128 122 114 338
34 186 268 298
40 194 216 290
112 78 164 362
116 114 150 290
72 86 194 346
86 122 108 386
70 162 120 330
84 106 170 306
66 154 162 266
68 158 152 282
70 170 154 258
74 194 128 274
76 166 114 330
80 154 146 266
90 162 126 266
86 122 150 298
90 106 178 274
64 166 118 330
54 186 126 346
84 94 240 226
100 106 202 226
74 162 302 138
96 142 158 226
88 202 184 170
94 154 200 178
80 170 248 154
78 150 162 242
100 122 210 194
108 106 208 218
82 102 198 266
96 102 188 266
90 174 266 130
94 166 264 130
90 178 174 194
88 190 204 154
92 170 182 186
100 158 226 138
108 166 220 138
50 174 216 250
90 178 208 146
84 118 246 186
122 186 154 194
94 162 202 162
92 110 214 210
112 198 186 154
104 102 216 218
94 146 156 250
82 166 182 194
66 118 160 314
78 138 210 194
70 114 158 298
58 90 246 282
52 90 304 298
68 142 278 170
54 126 260 234
64 138 248 202
64 82 308 266
60 106 342 194
56 94 340 234
60 142 314 178
60 106 346 186
54 142 212 258
56 118 274 226
64 94 272 242
64 150 280 170
78 114 240 202
82 82 236 250
100 86 184 298
86 126 180 234
104 114 264 162
62 90 294 258
48 194 338 162
56 74 266 442
110 270 144 194
104 274 152 186
70 174 350 122
60 142 376 146
56 226 274 178
42 238 276 210
114 218 126 234
86 230 130 250
78 86 340 194
68 74 364 250
40 130 228 402
44 118 250 378
106 238 82 426
66 234 266 146
104 282 230 106
38 154 300 282
38 166 284 274
58 82 356 290
122 242 70 450
42 154 236 298
102 242 82 442
50 138 208 290
72 242 180 202
94 98 146 346
82 238 142 234
52 98 350 266
84 58 394 290
52 214 336 146
42 206 196 298
120 238 72 466
48 166 208 282
110 222 114 242
44 142 184 402
30 190 252 394
40 174 338 218
72 250 302 106
66 190 374 122
56 90 226 386
94 86 294 210
38 178 304 250
60 254 134 282
42 122 340 282
118 282 216 114
112 266 84 354
120 282 82 354
86 226 140 226
96 254 230 130
112 158 328 106
84 270 144 218
48 94 338 290
40 126 334 282
40 122 234 426
50 110 344 226
44 134 358 234
116 262 184 138
76 206 352 106
44 110 350 290
38 134 256 338
40 126 232 450
120 278 160 170
48 146 218 290
88 66 150 458
84 106 126 370
82 122 130 314
62 110 158 410
90 106 134 362
88 94 142 386
86 86 148 394
114 134 100 378
108 130 98 410
84 154 102 362
62 118 130 434
120 206 96 306
106 198 98 314
90 106 162 306
88 162 100 386
54 118 216 282
56 118 210 298
56 134 188 290
70 174 156 250
64 170 176 242
82 142 146 274
92 138 148 266
78 206 150 234
98 222 194 154
84 186 272 130
78 178 216 170
100 106 166 282
82 174 204 170
74 162 156 242
70 134 158 290
62 210 270 154
86 166 210 170
114 182 182 154
120 178 160 194
86 170 284 130
112 190 204 138
68 150 136 322
70 158 150 282
82 202 168 210
88 174 268 130
96 198 198 154
120 162 224 138
102 174 262 122
126 174 190 154
50 122 218 330
76 158 150 250
58 210 250 186
50 94 250 402
66 82 298 250
78 90 338 194
58 90 318 250
54 154 220 250
50 162 236 242
54 146 318 186
54 142 320 186
54 98 284 258
60 94 278 258
54 174 354 154
58 138 264 218
56 90 344 258
60 146 306 154
54 110 268 250
58 82 268 354
58 98 258 258
56 106 274 250
60 114 250 234
98 82 212 274
102 66 222 306
84 62 304 306
84 98 290 186
102 90 238 218
76 122 268 178
88 98 284 186
54 114 260 258
74 74 300 258
82 86 198 322
86 58 272 322
86 50 308 450
108 258 86 338
64 94 180 426
64 110 136 458
78 106 114 450
112 166 152 218
50 106 218 426
52 118 270 250
64 70 384 290
48 114 336 234
64 162 212 218
102 230 156 194
84 286 142 218
92 274 142 210
44 130 378 234
46 214 174 290
118 258 220 106
62 206 228 194
54 106 350 218
78 126 278 170
80 114 260 186
114 190 136 234
96 110 366 130
90 118 356 122
88 242 144 210
82 86 296 210
56 214 380 122
56 78 256 434
52 186 176 274
80 74 302 234
36 170 248 314
44 190 224 274
102 106 156 298
54 114 380 202
58 158 134 362
40 146 296 274
48 110 334 242
48 214 296 186
82 262 278 114
112 254 208 122
60 230 184 234
58 154 116 450
114 138 148 250
60 162 120 426
94 174 308 114
108 230 164 186
54 166 270 202
56 214 182 242
58 78 252 426
40 142 244 322
46 130 262 282
42 146 176 458
50 110 218 386
66 202 160 250
72 222 154 234
72 218 156 234
66 186 380 122
64 82 200 418
100 274 162 170
84 86 316 202
78 190 328 114
90 178 332 106
34 170 298 298
126 214 146 202
120 194 120 242
128 210 114 250
128 242 192 138
126 242 152 178
78 262 142 234
42 102 340 370
42 146 296 266
66 198 288 146
44 174 192 314
98 234 120 250
82 54 376 338
62 198 238 186
66 70 358 322
78 206 268 138
40 138 314 282
78 270 156 218
66 206 364 106
68 274 156 226
38 158 322 258
74 226 272 138
66 210 268 154
124 246 198 138
52 130 366 186
48 134 352 210
96 182 344 98
82 190 322 114
84 206 316 106
46 166 306 210
34 210 242 314
88 258 266 114
66 62 336 370
66 66 328 362
88 174 354 106
44 122 190 466
50 134 344 194
72 198 356 114
98 222 328 98
76 58 374 322
46 158 216 298
42 146 222 338
42 126 228 386
40 186 326 218
48 122 190 394
62 150 276 186
56 134 292 194
34 166 292 306
42 198 316 202
74 194 334 114
78 230 272 130
50 210 306 178
46 226 192 266
44 186 306 210
70 250 150 242
68 150 250 178
96 90 322 178
38 174 308 266
102 130 158 250
84 146 104 386
94 178 98 346
112 82 128 418
48 110 240 354
58 150 154 306
54 138 180 306
80 134 150 274
82 174 112 322
94 122 138 306
68 86 194 378
64 150 152 298
64 190 144 274
58 186 132 314
70 174 130 290
86 102 168 306
86 162 166 226
78 154 150 258
84 166 116 306
82 182 238 154
78 190 290 130
88 118 184 226
80 106 162 314
80 122 250 178
104 178 198 154
132 218 158 186
62 222 294 138
100 166 154 218
120 150 224 146
110 138 234 154
88 154 146 242
106 126 268 138
74 218 216 178
100 166 150 226
78 210 182 194
86 118 200 226
60 114 214 274
54 146 204 274
58 154 204 242
48 98 250 362
76 90 190 290
96 166 240 138
58 114 212 290
64 98 300 210
50 138 276 234
64 150 272 178
56 106 344 202
52 142 168 330
52 138 274 234
62 102 272 242
94 78 218 274
86 110 176 282
82 114 208 226
98 78 252 242
66 106 238 242
84 78 232 282
86 74 244 282
74 194 290 130
104 82 206 274
104 90 234 226
96 54 250 354
68 130 212 226
64 130 278 178
78 154 204 194
74 138 206 202
84 90 206 266
96 50 230 490
42 134 224 386
56 98 188 458
44 178 180 346
64 214 308 138
68 214 254 162
60 218 230 194
54 110 320 226
52 110 344 210
50 126 354 202
50 206 310 178
74 242 192 194
52 82 336 346
60 74 328 354
58 78 336 330
132 210 152 202
100 78 326 202
54 118 328 202
84 246 148 218
46 202 232 250
54 194 154 298
44 206 180 314
82 262 268 122
40 130 328 282
58 190 212 226
88 190 348 98
64 194 162 258
58 106 170 458
66 202 358 114
110 278 218 122
106 282 218 122
36 194 200 378
68 202 352 114
50 118 338 210
46 126 358 226
38 134 306 290
56 126 272 218
46 94 238 450
56 238 250 178
84 274 94 322
38 158 318 266
38 150 310 274
84 62 320 290
72 186 282 146
84 270 274 114
82 246 282 122
104 266 206 130
36 146 300 298
58 94 194 442
54 102 186 474
42 126 318 298
48 150 220 282
38 134 296 314
34 182 286 298
68 74 196 442
114 142 326 114
80 58 288 370
72 246 150 242
64 210 180 234
76 226 166 218
56 218 296 162
92 258 182 170
80 186 282 130
82 190 256 138
38 166 310 258
50 154 298 202
52 142 274 226
88 98 294 178
60 94 326 234
120 230 150 194
128 218 130 218
108 54 312 322
106 54 366 290
52 166 350 170
74 266 190 194
46 122 282 274
74 90 346 186
106 230 148 202
32 178 288 298
102 98 176 290
42 126 294 314
112 266 232 114
106 258 228 122
66 194 344 130
48 150 230 266
82 238 186 186
36 158 272 306
82 274 194 170
76 66 352 282
64 102 142 410
54 170 270 194
70 210 340 114
72 58 308 410
68 246 168 226
72 234 174 218
68 70 326 306
40 158 266 282
66 102 368 186
62 210 266 162
70 226 270 146
66 218 276 146
58 114 382 186
36 190 294 274
120 222 128 226
84 254 176 186
70 246 152 226
110 234 146 202
102 242 152 194
98 238 144 218
34 150 270 322
34 150 250 338
34 158 294 314
82 190 364 98
80 174 372 106
94 78 360 202
92 242 114 266
50 150 344 186
50 126 244 274
66 198 338 130
102 150 124 298
48 246 280 194
50 150 298 210
84 250 178 186
84 282 200 154
70 242 244 162
76 138 364 130
78 174 374 106
98 158 334 106
46 222 240 234
42 126 230 378
44 178 190 314
54 182 158 298
80 250 204 178
64 134 400 146
46 170 196 306
116 198 90 378
40 118 256 458
54 138 270 218
42 142 208 378
44 178 312 210
120 230 142 202
42 178 210 314
46 186 216 274
46 186 288 210
60 158 226 226
66 114 354 170
46 214 226 250
46 202 288 202
36 170 228 330
82 154 102 402
102 98 148 338
100 82 184 314
94 74 166 378
94 74 168 370
98 146 118 306
88 146 120 322
70 162 122 322
54 106 190 434
82 118 126 354
92 106 156 314
94 174 110 298
94 174 100 354
78 82 166 410
80 66 194 410
64 86 200 402
66 82 194 426
84 166 98 378
70 162 146 274
62 118 218 250
50 126 194 378
44 166 202 314
48 162 224 258
42 170 208 330
48 150 164 394
64 150 200 234
58 154 166 282
64 146 152 314
56 190 132 314
70 146 156 282
66 90 200 386
98 226 156 202
100 114 124 322
92 82 206 298
104 150 116 298
56 170 156 298
58 158 132 370
50 138 186 330
86 162 134 266
70 146 158 274
104 222 118 250
60 190 162 274
52 178 158 306
68 90 190 370
94 102 166 314
66 114 168 306
98 110 154 314
52 162 208 266
96 150 122 306
70 110 144 370
82 190 226 162
90 162 158 226
70 154 130 330
92 94 170 298
92 82 180 338
64 170 220 210
60 222 290 162
106 142 252 138
96 142 294 130
86 118 224 202
74 122 176 274
80 198 234 154
86 202 196 170
96 178 192 162
104 166 250 130
60 162 158 290
86 154 154 242
96 166 284 114
86 142 294 138
90 154 124 298
94 202 180 186
82 182 198 178
84 190 180 202
86 110 158 314
88 114 200 226
86 110 206 226
110 222 170 186
68 106 196 290
64 130 148 330
92 110 248 178
114 190 142 226
114 138 138 258
110 202 164 194
84 130 184 226
62 142 182 274
92 170 164 210
82 118 190 250
86 106 180 282
84 134 140 290
44 130 218 362
58 106 198 330
78 134 206 210
68 74 324 290
60 98 276 250
52 90 296 330
68 174 262 162
68 98 210 290
72 186 236 170
84 102 230 226
78 118 252 194
80 126 264 170
96 154 242 146
64 118 322 178
60 118 310 194
58 166 316 170
56 162 308 178
68 82 222 306
80 70 248 282
78 74 228 322
74 186 188 202
70 78 222 338
70 138 172 266
46 166 298 218
52 122 214 290
60 98 362 210
56 82 268 410
84 78 214 314
58 158 298 178
54 122 354 194
60 90 324 242
60 118 234 242
74 158 314 138
54 126 300 210
56 126 366 178
66 90 248 274
70 74 266 306
62 118 262 194
66 138 228 210
66 78 320 282
80 118 210 226
78 138 186 226
74 134 220 202
64 138 216 226
88 78 212 314
84 74 226 314
100 98 198 250
92 102 260 194
78 102 220 242
82 82 220 298
80 74 234 298
90 122 224 194
62 150 218 234
74 82 242 274
72 74 242 346
82 82 226 290
82 82 218 306
76 198 272 138
98 90 212 258
90 102 264 194
108 102 240 194
60 138 222 242
72 134 246 186
70 146 210 210
104 102 206 226
78 106 184 282
84 70 270 266
104 62 234 322
84 66 234 314
94 54 262 346
92 54 240 386
94 54 226 370
94 58 216 386
70 138 250 186
74 126 256 178
78 166 234 170
62 94 268 250
74 118 182 274
80 74 224 338
72 74 232 354
76 74 252 330
88 62 232 362
100 62 224 354
88 110 248 194
100 62 218 378
78 62 232 442
60 98 234 282
66 98 232 274
62 114 246 242
60 82 366 266
80 162 394 98
82 254 146 218
66 126 158 306
100 234 118 242
92 234 116 258
58 102 176 490
50 90 342 314
78 74 250 314
50 82 324 362
42 122 324 298
100 262 302 90
36 194 338 234
66 170 352 138
74 186 370 106
142 238 178 154
62 238 256 154
36 198 218 322
104 266 80 362
60 90 192 490
70 214 188 210
116 66 172 386
98 62 180 450
80 238 124 258
128 162 242 130
42 154 332 234
86 266 246 130
42 182 348 202
78 74 258 282
80 278 106 298
70 70 292 306
40 114 366 306
52 82 270 458
108 126 160 266
120 110 172 266
52 186 152 314
108 270 84 346
114 262 224 114
44 162 332 210
48 154 318 202
44 98 326 370
106 242 126 226
50 118 206 362
60 214 352 138
48 194 300 186
42 202 314 202
60 102 194 354
38 186 278 250
102 230 236 130
64 82 198 490
98 242 242 122
86 262 192 170
100 290 156 178
124 202 130 234
68 130 346 146
104 138 264 138
46 150 358 202
80 58 372 330
122 226 124 226
50 114 184 466
120 234 152 186
90 238 238 130
54 74 358 362
56 166 296 178
44 190 324 194
100 178 100 338
134 242 150 186
108 226 282 98
94 194 122 266
134 142 114 306
78 90 152 410
56 102 188 434
98 162 98 346
84 122 128 338
66 150 130 346
60 170 164 274
52 142 166 338
52 150 164 338
76 102 166 330
68 150 166 266
66 174 150 274
58 202 136 298
86 98 214 234
70 142 168 266
66 138 152 290
64 86 206 394
88 118 240 162
106 186 232 130
98 174 172 194
96 190 246 130
64 94 238 266
70 98 238 250
74 166 192 202
80 134 198 202
98 110 230 194
96 166 156 218
74 94 196 314
80 122 332 146
50 90 264 346
70 198 214 194
72 78 310 258
50 106 270 274
92 66 224 330
74 130 248 178
52 118 274 242
56 102 290 242
72 118 270 186
82 78 230 298
96 66 238 290
68 98 228 274
86 122 188 234
74 102 192 290
98 74 202 330
68 94 258 250
94 62 228 362
88 54 252 450
94 238 270 114
94 234 286 106
82 222 134 250
52 146 378 170
62 90 184 490
50 218 282 186
126 190 136 218
108 230 254 114
70 226 162 234
74 198 150 242
48 186 168 330
48 94 314 346
44 182 198 298
82 238 244 138
64 246 348 114
64 226 156 258
50 94 288 322
108 238 162 178
92 258 240 122
48 162 288 218
72 170 392 114
68 178 402 114
42 106 304 410
38 118 282 434
66 214 154 242
94 310 150 194
46 230 226 234
122 242 170 162
108 210 174 186
90 114 114 394
62 126 128 434
106 174 98 338
70 170 134 298
74 206 170 226
92 230 146 218
86 186 250 138
88 222 238 138
86 214 278 122
80 174 140 258
84 102 280 178
90 170 236 146
84 202 270 130
94 198 236 138
98 202 258 122
70 154 190 226
84 174 288 122
76 142 296 154
116 142 178 210
110 186 250 122
128 170 218 138
92 170 154 226
80 174 184 210
74 154 204 202
80 122 204 226
64 82 292 274
64 166 180 242
50 98 260 338
70 166 224 178
62 158 240 194
48 94 286 362
46 154 268 250
58 122 188 298
82 106 180 290
58 150 316 178
56 94 306 250
60 138 274 194
56 170 356 154
64 150 282 162
48 110 262 330
98 70 206 298
74 138 236 194
98 78 156 394
56 130 258 234
84 134 252 170
84 126 258 170
80 110 104 450
82 282 176 194
50 98 372 250
86 90 278 194
58 186 214 226
48 110 312 282
92 254 242 122
100 242 218 138
108 214 148 202
58 194 196 242
60 230 170 250
66 234 354 114
34 186 258 322
42 138 220 402
68 202 162 242
76 206 162 226
66 198 162 250
62 86 206 410
114 206 148 210
122 206 126 226
42 122 296 314
46 114 266 322
44 102 318 378
40 174 224 314
48 178 216 274
80 246 138 226
80 54 304 378
38 166 278 282
64 250 156 250
78 238 254 146
44 174 198 306
50 210 310 170
46 178 228 266
64 134 274 178
46 166 244 258
88 150 178 210
42 194 252 258
44 182 256 242
44 178 248 258
40 182 210 314
104 98 156 330
72 78 176 442
88 182 102 354
76 94 210 282
46 110 282 330
88 150 98 394
88 82 172 370
64 162 156 290
50 158 190 290
88 182 174 210
64 86 190 434
88 146 124 306
54 166 156 322
80 194 146 234
76 222 152 226
54 158 162 314
86 186 144 242
72 106 186 290
86 202 268 130
98 106 202 242
84 110 166 298
80 110 160 314
76 78 214 346
80 86 202 330
110 146 256 130
94 154 190 194
88 114 270 178
84 226 246 138
76 134 198 226
60 154 244 202
72 114 176 290
42 130 276 306
84 98 198 282
84 234 212 162
48 174 334 178
66 86 320 226
72 114 282 186
54 126 302 202
58 106 310 226
44 162 244 266
94 98 264 194
80 70 242 298
84 74 228 306
68 186 290 146
104 94 240 210
100 58 236 362
76 158 200 202
84 114 292 170
98 102 250 194
72 86 190 378
90 74 214 314
100 50 254 458
106 222 236 122
66 118 310 178
48 138 286 242
138 222 144 202
42 166 222 322
60 98 180 442
60 102 170 442
48 106 300 290
70 74 308 282
48 94 280 418
46 98 270 426
58 198 290 170
54 222 240 202
72 74 330 274
106 258 96 298
60 178 114 402
34 182 258 330
50 138 342 202
58 154 330 170
82 62 202 482
42 118 238 426
40 166 200 370
64 226 164 250
78 178 270 146
42 162 308 242
50 146 300 210
46 154 258 266
38 122 318 330
114 226 166 186
112 54 302 322
46 146 260 266
56 74 358 354
74 134 410 130
42 182 326 210
40 118 320 338
46 118 346 266
80 58 324 338
76 194 274 146
68 198 272 146
126 238 160 178
84 226 188 186
82 250 210 162
80 230 134 250
86 206 340 98
108 214 96 338
50 158 346 178
52 106 250 314
50 114 250 314
48 134 222 298
56 198 314 154
112 162 114 290
70 238 152 242
54 158 300 186
54 166 306 178
78 138 298 154
82 222 230 154
44 146 190 370
44 146 214 362
50 174 358 170
42 186 254 250
42 194 246 266
50 202 232 218
50 158 264 226
98 102 174 290
96 106 176 290
110 102 174 282
100 170 102 330
96 170 96 346
114 198 102 298
96 162 100 354
50 150 200 290
46 146 206 322
46 142 202 330
52 154 162 346
66 158 130 330
90 178 142 242
52 158 178 306
44 158 212 306
58 134 152 330
62 170 140 314
64 130 154 314
64 206 158 258
50 194 178 298
68 170 152 266
58 206 114 322
56 202 116 330
72 78 222 322
62 206 160 258
46 186 178 314
66 130 126 394
72 142 184 234
78 118 150 314
62 166 238 194
84 82 174 370
92 138 140 274
68 170 220 194
80 214 252 146
82 194 248 146
80 198 214 178
96 182 172 194
96 130 212 186
118 134 212 178
72 134 202 226
88 106 206 242
88 122 206 210
90 202 240 138
88 174 138 258
82 122 196 234
88 134 180 226
82 146 194 202
78 130 194 226
76 158 188 210
50 110 222 346
50 122 246 290
44 138 212 378
80 126 286 162
72 138 244 186
46 126 222 370
58 146 234 226
66 174 212 210
68 174 212 202
50 138 274 242
68 130 256 178
78 90 206 274
82 86 230 274
64 130 208 250
64 150 242 202
78 82 230 282
70 150 278 162
62 78 250 362
56 126 320 194
74 154 316 146
52 170 344 170
54 142 202 282
64 122 170 290
54 82 270 418
104 94 204 258
68 94 214 298
56 102 228 282
52 114 248 290
74 142 228 194
86 106 312 162
82 86 220 290
76 86 218 298
84 94 204 282
82 126 212 210
90 102 210 234
104 102 240 202
80 114 252 194
106 146 210 178
108 106 230 194
90 54 252 386
96 62 240 330
92 54 298 338
90 58 222 410
102 54 224 386
88 118 210 218
44 162 318 226
70 154 300 154
78 62 258 394
92 82 220 290
76 78 236 314
86 54 292 386
86 86 158 386
106 58 210 410
46 94 302 386
56 78 338 346
132 234 160 178
38 190 226 322
48 174 370 170
114 94 156 314
54 202 140 322
100 250 84 362
100 242 236 130
100 242 248 114
96 242 168 186
110 274 164 162
42 178 342 210
42 214 286 218
98 282 178 154
62 102 344 210
56 82 358 282
58 82 334 298
48 170 338 186
54 78 364 354
44 202 244 250
100 122 112 362
102 134 116 330
98 146 110 330
90 98 138 378
82 170 142 258
82 154 134 290
104 98 182 282
94 126 214 186
86 126 222 194
84 122 294 154
50 98 254 354
100 58 268 314
86 74 226 306
94 74 220 282
86 82 170 378
90 54 282 362
88 54 276 434
52 146 358 186
36 170 318 266
124 210 142 210
46 182 308 202
48 174 304 202
50 110 260 290
52 94 270 338
58 78 286 354
98 274 232 114
62 170 374 138
94 250 234 138
44 102 300 410
80 198 172 202
42 138 222 386
44 150 272 258
40 162 308 250
40 154 300 258
44 214 252 234
90 90 144 386
110 178 98 322
78 182 182 210
90 114 256 178
88 154 176 210
80 142 286 146
86 154 184 210
70 170 212 202
48 102 312 314
62 158 294 178
90 58 250 354
92 58 240 378
52 106 246 322
104 78 180 330
70 86 202 362
86 126 276 162
82 110 238 202
62 206 366 114
60 214 166 258
70 222 186 210
70 174 160 242
122 198 138 218
122 170 134 242
130 182 136 234
48 110 290 298
42 126 304 306
44 154 262 266
48 174 222 266
52 194 168 258
86 150 188 210
84 134 214 194
40 170 228 322
40 158 248 306
92 110 106 426
74 90 184 354
76 210 158 234
98 102 182 282
68 166 212 210
72 122 178 266
72 222 270 146
80 126 232 194
104 174 140 242
70 150 174 250
50 98 332 306
48 154 276 234
98 86 248 242
88 106 262 194
80 78 232 314
66 134 188 250
76 150 214 186
74 158 208 186
82 62 230 442
112 206 252 114
92 234 178 178
58 90 206 402
48 114 308 282
56 226 252 186
72 58 320 386
76 134 394 130
70 110 136 418
40 170 316 234
86 54 314 362
76 126 334 146
82 210 180 194
102 230 176 186
72 214 320 114
58 182 304 162
98 134 114 338
70 226 178 218
88 154 326 122
58 130 318 186
50 146 194 298
58 190 120 354
46 170 294 218
46 154 232 274
92 98 180 290
92 170 110 306
62 114 164 370
92 110 140 346
50 122 194 386
48 174 170 338
72 126 146 322
66 90 194 418
72 130 152 306
68 130 146 330
106 202 114 274
88 130 156 282
78 122 182 250
102 146 190 194
116 146 226 154
76 126 224 202
88 126 234 178
94 162 234 146
106 138 170 234
84 146 170 226
80 118 178 258
82 130 176 242
68 142 180 258
84 142 180 226
70 158 318 146
50 118 216 354
54 146 240 242
76 82 214 330
58 162 202 234
86 122 284 170
70 150 274 170
58 182 276 178
70 110 248 218
74 138 178 250
62 170 174 250
64 114 170 338
60 98 240 258
102 62 242 322
50 110 268 282
90 122 222 202
104 82 230 258
72 158 214 202
98 58 248 354
92 58 220 410
42 166 382 194
48 174 376 162
104 94 142 362
116 118 128 298
100 230 240 130
86 234 232 146
76 222 230 162
102 238 232 130
100 250 228 130
102 250 238 122
104 234 232 122
102 238 244 114
100 266 154 186
42 198 260 234
46 190 284 210
40 162 238 322
38 158 222 362
72 58 336 378
74 58 312 394
50 122 330 210
40 198 302 242
36 190 306 250
62 90 340 234
44 166 320 218
50 210 228 218
58 210 206 226
100 142 126 306
94 158 106 322
84 90 146 378
90 102 136 386
76 102 134 394
54 206 130 330
58 218 120 314
56 210 140 306
68 82 218 362
102 142 232 154
76 126 208 226
84 122 202 218
86 110 198 242
56 86 278 322
62 94 200 354
92 62 248 354
104 58 258 314
84 70 222 330
74 86 230 282
74 86 218 306
78 94 164 362
88 58 252 346
90 58 242 378
92 54 254 378
98 222 126 258
36 162 304 290
46 174 302 210
42 170 202 338
50 166 258 234
74 238 354 98
62 82 302 322
58 78 266 370
56 86 292 306
86 266 238 138
68 178 340 122
40 122 254 410
42 150 192 386
44 150 188 378
54 162 242 234
44 146 270 266
50 198 252 210
82 114 116 402
108 170 104 306
82 130 186 226
86 114 286 170
66 134 178 266
66 190 236 178
50 98 280 330
46 106 360 274
60 146 296 178
68 150 244 194
62 94 202 346
86 134 278 154
70 126 120 426
80 118 304 162
70 62 314 402
54 190 344 146
70 222 170 234
50 118 196 378
66 110 140 426
84 242 282 122
54 182 182 266
60 202 172 250
82 146 164 242
70 94 166 378
78 146 128 306
78 134 170 250
80 114 194 250
74 146 164 258
82 218 144 234
88 162 120 314
54 190 220 234
54 166 230 226
76 122 190 250
112 154 264 122
80 138 218 186
70 126 244 194
68 170 160 250
100 86 256 226
90 106 258 194
82 78 210 338
82 86 192 338
64 142 212 226
80 146 204 186
88 66 226 346
70 98 262 226
116 202 240 114
64 110 318 186
42 154 184 378
52 90 208 402
44 182 174 346
48 182 174 330
50 94 232 458
58 210 260 178
66 206 278 146
62 206 292 146
52 178 174 298
40 202 296 242
46 154 286 234
84 166 338 122
84 58 284 346
90 214 170 202
62 182 300 146
90 150 118 330
96 126 120 322
84 242 162 202
48 146 322 218
54 202 122 402
58 198 134 306
44 170 242 266
42 178 234 282
52 158 254 234
56 206 216 226
86 114 162 282
84 94 162 362
90 82 178 354
90 118 126 338
84 166 122 290
88 114 140 330
92 102 134 370
106 198 104 298
76 118 144 338
74 122 148 314
70 82 186 418
60 126 156 354
72 118 152 322
72 130 146 314
60 170 162 282
78 190 126 274
70 178 138 274
44 234 162 330
46 222 170 298
102 190 130 258
48 190 186 298
64 114 180 314
70 122 180 282
92 66 182 378
76 106 190 274
92 126 186 202
96 166 198 178
110 150 204 178
72 118 222 210
74 130 202 226
76 122 196 242
62 110 176 338
102 150 174 210
106 150 168 210
68 138 166 282
64 134 174 282
72 126 172 274
74 118 176 282
88 142 162 242
86 118 166 274
68 146 184 250
78 134 188 226
54 142 252 218
50 114 264 274
60 162 254 170
66 106 172 362
62 110 226 250
62 98 216 306
48 210 282 194
56 214 282 178
92 82 168 378
100 70 260 274
92 86 222 266
66 126 208 234
76 134 170 266
108 58 246 338
96 50 338 330
94 58 302 314
82 66 232 378
82 82 146 434
60 130 148 362
40 170 396 210
52 162 366 162
40 170 192 370
38 186 192 362
34 198 220 354
40 162 198 378
58 162 144 322
106 254 214 130
118 230 214 130
100 218 256 122
94 234 254 122
100 254 222 130
48 182 282 218
46 178 312 194
48 178 310 186
42 142 222 370
44 182 302 218
70 86 182 418
54 198 228 226
48 198 240 226
100 130 112 354
88 154 106 338
78 98 138 426
82 86 136 442
86 78 198 354
56 94 230 322
64 86 226 346
64 86 222 354
56 194 118 330
62 190 140 290
62 78 240 402
102 150 234 146
84 122 180 250
84 102 192 282
80 114 164 290
80 142 334 130
52 102 266 322
54 98 226 394
86 66 220 362
94 66 262 282
44 150 206 346
58 190 238 194
70 230 318 114
40 118 264 410
70 222 118 298
62 70 314 370
136 202 152 210
42 166 162 378
44 138 306 242
42 138 290 274
46 126 294 242
48 138 306 226
44 130 298 250
46 126 280 274
90 134 116 338
74 222 122 290
50 98 344 282
62 114 208 274
66 94 198 330
58 194 320 154
100 250 216 138
100 258 176 154
58 134 138 402
76 78 204 386
66 242 120 290
54 202 166 274
64 190 168 258
68 186 180 226
70 106 132 442
62 182 150 298
84 190 124 282
76 142 270 170
98 114 292 162
72 166 156 258
82 102 336 162
70 106 312 186
86 78 200 338
78 86 202 338
90 234 162 210
50 158 168 346
50 106 222 418
106 82 152 386
90 82 182 338
42 158 182 394
62 218 318 138
74 106 330 170
44 190 196 298
62 70 304 394
106 138 110 314
72 94 362 186
50 158 172 330
48 154 202 306
56 182 128 378
40 194 244 274
42 174 246 282
54 154 266 210
52 222 236 210
56 190 200 242
90 138 160 266
88 78 202 322
96 114 124 362
80 106 136 370
94 118 134 322
96 98 152 338
96 158 94 386
100 154 98 354
76 118 134 354
98 206 114 274
40 198 180 346
56 150 150 338
76 118 152 306
54 202 150 306
78 202 136 250
44 214 164 322
62 178 112 370
74 226 122 282
72 214 126 290
54 170 170 290
90 110 194 226
120 130 208 178
112 146 202 178
114 142 216 178
112 142 218 170
66 130 216 218
72 142 170 258
86 158 232 154
84 166 218 170
86 162 216 170
90 178 192 170
94 158 184 186
88 110 336 146
72 98 336 178
80 106 338 162
74 106 342 162
74 98 330 186
70 126 180 266
66 142 172 282
64 142 164 290
86 118 176 258
76 134 184 250
50 178 276 218
68 186 260 162
68 170 246 178
70 114 252 210
70 122 260 186
62 130 158 338
66 110 232 234
56 102 220 306
74 110 212 242
68 114 218 258
92 58 310 314
82 62 238 426
78 86 146 450
66 142 138 330
60 138 132 418
84 146 108 338
40 190 202 330
42 150 196 370
42 178 178 354
38 186 212 346
38 170 204 362
34 198 240 338
102 250 176 170
106 242 208 138
106 250 200 138
98 258 226 130
106 266 168 178
50 162 286 218
52 178 314 162
48 170 270 234
44 202 312 194
44 182 322 202
86 230 98 314
56 242 128 314
46 122 334 242
44 170 296 226
48 170 242 250
80 70 216 362
82 78 176 370
90 174 100 362
80 102 128 434
80 86 182 386
78 66 202 418
82 226 120 274
84 90 172 362
92 78 156 402
68 90 164 402
56 98 208 346
68 86 210 346
66 118 150 370
56 202 152 290
60 186 118 330
106 158 270 130
94 130 174 242
72 110 210 250
80 126 192 242
90 130 154 282
84 134 162 258
72 122 154 290
88 162 306 122
46 114 260 330
88 74 216 330
86 70 208 362
78 66 250 402
90 74 156 450
88 238 114 282
66 186 232 186
46 194 276 210
58 142 250 218
58 142 252 210
54 142 244 234
66 230 326 122
70 238 362 106
68 170 374 130
72 150 366 130
74 270 112 282
68 274 116 282
66 250 126 274
64 70 306 370
50 166 154 362
50 170 152 346
44 174 160 378
54 170 218 250
44 134 286 266
48 126 334 234
50 122 302 218
42 134 288 290
46 138 272 258
76 158 112 346
84 126 116 354
92 106 136 354
94 114 302 162
60 82 260 370
74 114 298 170
82 106 296 178
64 126 144 338
106 246 180 154
56 210 212 226
54 218 194 250
52 214 214 242
66 70 224 410
54 130 154 394
54 130 156 386
56 122 162 394
62 118 156 346
60 150 134 370
60 126 148 386
50 146 154 394
54 150 136 378
56 238 216 210
70 86 190 410
88 154 352 114
56 182 186 250
74 78 212 370
78 82 202 362
64 90 202 378
64 86 218 370
72 70 196 410
76 90 148 458
74 94 138 434
80 94 146 418
66 158 160 266
78 74 210 370
58 198 232 218
80 142 266 154
96 130 316 138
98 98 272 186
76 154 124 306
84 98 306 178
60 122 322 154
84 82 206 330
70 90 182 378
64 114 304 186
60 94 186 386
68 82 220 346
50 118 202 370
108 62 172 418
96 90 162 330
66 222 330 122
58 210 322 146
64 190 282 154
56 190 310 162
56 82 310 370
64 70 280 410
100 130 128 298
108 134 132 290
84 138 106 394
72 98 378 154
50 138 202 298
46 170 268 242
42 182 258 258
38 190 268 282
58 142 272 202
52 158 248 242
66 186 216 202
46 214 262 210
58 230 230 202
40 206 254 250
54 218 258 186
52 194 216 242
48 182 212 274
50 222 264 202
54 210 236 210
84 98 118 458
84 94 140 402
86 94 154 370
88 106 124 418
88 102 118 434
78 110 148 322
86 102 130 410
76 102 132 434
80 138 110 410
90 130 106 370
90 142 108 362
80 162 98 402
90 154 100 370
98 146 104 338
84 118 114 378
76 122 120 410
100 218 120 258
40 174 166 394
38 206 184 354
64 114 158 346
68 146 122 362
54 130 160 370
74 126 140 298
56 194 164 290
62 186 146 290
46 194 170 314
50 234 160 306
56 198 124 322
66 238 126 290
72 242 138 250
54 138 144 394
52 166 152 338
50 182 180 290
96 114 222 194
116 110 216 202
124 122 220 186
128 134 198 194
104 138 204 186
106 130 238 170
72 110 248 202
80 130 218 202
82 138 222 178
82 110 210 242
80 90 180 362
80 150 272 146
78 146 258 162
88 182 210 162
84 182 216 162
96 134 210 186
86 102 330 162
84 86 332 194
74 102 330 178
68 98 348 178
78 126 320 154
72 110 310 178
70 134 170 274
94 110 180 250
42 126 260 346
72 118 208 250
60 114 262 210
60 150 230 226
70 134 252 178
78 130 276 170
68 126 206 242
70 122 206 250
70 90 254 242
64 126 200 258
82 62 312 306
62 154 132 338
82 150 114 354
52 118 170 394
76 98 156 386
58 146 142 394
72 106 156 378
44 126 188 426
48 186 204 266
42 146 202 418
46 178 176 330
38 146 246 346
34 190 248 346
44 194 150 346
50 170 168 338
110 234 204 130
92 266 216 138
98 250 192 154
44 166 312 226
46 158 260 258
46 206 300 194
76 214 98 338
90 230 96 338
90 234 108 274
68 222 144 250
96 278 96 298
46 122 314 258
46 174 284 218
48 166 272 234
40 166 286 266
42 182 254 274
68 78 216 402
76 78 188 394
84 90 182 322
80 82 166 394
86 90 180 338
92 66 202 346
52 206 226 234
50 226 220 242
46 186 244 250
72 146 114 362
98 150 106 330
90 150 126 298
74 94 158 386
76 86 162 410
86 98 144 386
82 74 188 410
80 78 194 386
74 90 176 394
74 66 240 410
80 70 212 402
78 90 180 378
92 70 190 362
78 230 120 290
82 94 152 402
86 90 170 370
88 94 176 298
78 82 152 418
74 98 156 402
70 82 212 362
66 106 156 394
64 90 224 346
70 82 206 378
52 122 190 346
52 114 226 338
54 102 222 346
56 110 214 322
62 94 214 322
52 110 202 354
60 90 236 378
52 122 208 330
52 118 212 322
54 114 188 314
50 126 204 346
82 70 208 378
76 98 146 426
54 182 136 346
60 166 128 346
54 218 138 306
56 226 136 306
56 218 112 338
70 218 124 298
56 210 130 314
68 214 144 266
52 206 166 298
62 186 134 306
60 174 154 298
58 82 254 410
96 142 184 210
56 126 192 290
68 122 204 258
58 126 212 266
88 130 210 202
92 134 160 266
80 110 168 298
86 142 154 258
84 110 186 274
76 118 176 274
102 146 334 122
88 158 308 122
82 158 296 138
50 106 260 322
90 66 212 386
88 70 216 346
88 74 196 354
82 86 172 370
80 66 240 402
94 78 146 482
86 230 116 282
48 162 162 386
52 186 210 250
48 174 260 234
52 174 254 226
66 182 224 194
48 178 236 234
52 150 272 218
58 146 268 194
50 122 292 242
66 174 366 130
60 234 138 282
76 238 120 290
72 262 118 266
80 250 114 298
64 254 134 274
66 266 122 266
60 182 140 306
62 194 128 298
72 198 128 282
60 202 112 338
56 190 122 370
64 202 118 322
64 178 128 306
72 194 100 322
66 210 120 314
64 202 126 298
68 222 118 314
66 230 108 314
64 230 108 330
76 214 110 314
58 234 142 290
48 142 168 378
54 122 186 378
50 150 162 362
50 134 180 346
54 174 142 338
48 166 160 354
50 182 152 338
42 182 174 354
54 158 202 266
52 162 220 242
50 130 284 250
48 118 286 274
48 130 290 258
48 138 260 250
44 130 284 282
48 126 292 258
48 118 262 298
60 174 212 218
50 194 264 218
72 118 146 362
72 134 130 338
78 126 130 362
78 98 150 362
62 186 228 202
64 166 224 202
68 206 212 194
102 74 190 346
60 94 218 378
70 86 204 322
78 118 322 154
76 110 320 162
90 90 332 178
58 130 152 362
64 210 208 202
66 74 214 410
62 78 228 410
58 118 160 386
62 122 154 410
62 126 140 394
48 126 182 394
50 134 174 386
52 118 194 362
64 114 156 402
62 126 146 370
60 114 184 338
60 150 126 402
60 222 202 226
64 254 216 186
64 218 222 194
48 234 212 242
62 90 226 378
72 70 242 394
68 74 228 386
88 162 330 114
84 162 344 122
64 234 104 306
50 174 182 298
54 182 196 250
56 190 220 226
66 122 146 370
80 122 130 362
70 90 202 346
60 90 206 386
66 82 228 346
82 74 206 386
84 66 232 370
72 102 136 450
88 94 120 450
78 130 112 378
78 110 108 442
78 78 160 482
68 130 136 370
68 78 208 418
70 78 202 434
72 82 182 402
74 66 200 426
72 74 214 394
76 66 210 418
68 110 158 370
62 110 174 362
68 106 168 370
66 106 178 322
76 90 164 394
76 90 160 426
80 126 118 394
80 158 108 378
76 126 188 258
82 198 116 314
80 74 206 394
80 190 118 314
86 198 118 298
68 110 156 386
70 118 150 346
56 194 216 234
52 182 264 218
78 114 344 154
66 106 328 178
68 122 320 162
70 138 324 146
66 110 314 202
100 70 196 354
96 74 190 354
96 70 204 330
96 82 188 330
96 78 198 322
82 78 216 330
80 94 154 402
72 102 256 226
72 114 242 210
72 102 258 218
66 114 250 226
68 110 274 202
68 110 298 186
60 106 300 218
62 114 316 194
62 102 276 234
62 102 298 218
66 86 220 362
64 90 204 362
48 114 218 386
110 66 144 450
110 66 176 394
94 98 164 338
94 78 188 338
86 86 188 322
60 230 350 138
68 206 320 130
58 206 302 154
64 198 276 162
86 102 314 170
84 102 318 170
72 226 96 370
66 206 102 386
62 210 108 346
60 206 110 338
80 90 178 378
58 122 156 442
84 170 366 114
70 154 342 138
68 150 348 138
74 150 344 138
74 162 328 130
98 154 114 306
80 126 114 402
94 150 96 386
76 94 366 170
74 102 352 162
70 106 346 162
74 110 390 146
44 134 232 322
44 150 240 314
46 138 224 306
44 134 264 298
54 178 140 354
56 130 286 210
62 142 278 186
50 158 260 234
52 222 242 202
44 222 256 226
46 226 258 218
56 214 210 234
60 226 252 178
36 202 280 266
50 230 218 242
40 214 280 242
52 198 276 202
56 190 292 186
84 98 126 426
84 86 132 410
78 102 144 354
94 94 134 402
88 102 128 418
72 126 162 282
94 110 124 378
80 90 148 410
82 94 132 442
86 110 130 354
88 142 112 354
84 142 114 346
74 166 106 386
100 146 104 314
92 142 102 370
96 142 106 362
78 134 136 330
74 114 136 362
64 118 152 402
82 122 112 386
80 122 126 378
68 126 142 378
100 222 112 290
104 198 110 282
92 230 122 266
48 162 158 394
44 178 156 394
48 174 140 386
46 170 166 370
40 174 180 378
74 138 128 330
74 126 134 354
70 130 138 362
76 142 120 338
68 134 132 354
70 142 126 362
70 158 136 314
72 146 122 346
74 142 120 362
76 138 112 394
58 126 160 378
52 146 162 370
52 134 152 418
60 138 146 378
62 134 142 354
44 146 184 394
54 142 158 370
54 142 150 386
80 86 184 354
72 130 130 370
76 102 162 338
78 98 164 354
74 122 146 346
92 130 142 282
66 118 156 322
60 190 146 298
52 186 192 258
62 182 160 282
82 198 124 274
72 186 120 298
62 186 154 274
50 198 134 330
50 182 176 306
50 194 182 282
48 222 168 306
60 218 132 306
66 190 118 322
52 206 148 322
58 182 126 370
62 158 122 386
64 142 134 386
66 206 122 314
74 250 136 250
76 230 144 242
64 146 140 378
64 138 136 402
48 158 180 330
56 138 154 378
122 130 234 170
116 106 202 218
120 122 234 186
100 130 202 194
96 122 186 218
96 126 226 178
64 134 224 226
62 138 230 226
74 102 242 226
76 98 264 202
74 98 218 266
80 106 230 218
72 98 220 266
68 182 288 154
80 158 248 162
76 142 272 162
74 114 208 250
82 90 188 338
82 150 248 162
84 146 260 154
90 162 266 146
86 166 278 138
82 170 284 138
78 146 270 154
82 186 234 154
92 166 274 138
92 178 250 138
76 150 226 178
74 190 230 170
112 150 222 162
58 122 314 210
76 94 344 194
76 122 340 138
78 110 306 178
72 102 318 186
78 114 212 234
76 130 186 258
52 150 198 290
86 126 164 258
40 130 278 322
44 130 268 298
68 118 216 250
76 118 214 234
64 106 282 226
56 162 224 234
56 138 234 242
62 122 238 226
62 130 236 226
52 150 160 370
68 114 258 218
80 102 200 282
70 158 186 234
74 106 198 274
78 106 250 210
68 102 238 250
78 98 242 234
68 86 260 274
68 90 266 250
66 114 216 266
70 102 234 242
66 118 210 258
70 118 222 242
62 134 204 266
60 126 204 274
96 50 336 338
98 50 312 354
94 50 306 370
82 62 310 314
74 74 208 402
76 94 156 426
68 102 156 402
