3894
82 118 258 218
94 102 250 234
88 202 262 154
94 134 162 282
64 158 218 250
80 202 198 218
72 174 188 250
40 134 322 378
50 170 202 330
54 158 272 242
62 150 222 258
46 178 236 274
54 162 200 314
50 206 250 234
56 226 206 250
60 214 216 226
60 202 258 194
64 206 220 218
64 194 262 186
68 194 302 154
64 190 214 234
64 178 256 202
54 190 290 202
62 182 288 178
72 194 264 178
54 186 266 218
52 186 280 218
96 130 314 170
74 110 268 258
96 130 182 258
82 138 190 266
92 162 174 242
60 154 160 378
46 162 196 434
46 174 196 394
90 170 204 210
78 114 238 250
72 130 234 242
78 210 146 298
66 226 158 282
54 142 306 226
102 106 152 426
76 70 302 354
72 102 314 250
42 166 236 386
40 146 286 402
96 94 280 242
94 98 292 218
86 98 246 266
86 78 232 346
74 98 296 250
68 110 330 218
70 98 310 266
84 94 296 242
90 94 288 234
84 102 318 210
100 86 308 250
66 98 350 274
82 78 298 290
52 122 368 258
68 102 316 274
82 74 228 362
76 82 258 338
86 78 258 330
78 82 256 330
82 70 274 346
82 86 228 322
84 78 188 426
72 94 200 434
58 126 336 218
92 98 218 290
80 98 254 258
76 94 264 282
88 114 152 402
66 102 252 298
50 114 296 362
76 94 252 298
38 158 348 354
38 182 330 314
44 154 326 282
42 146 304 346
96 86 262 274
90 102 236 250
98 90 234 290
106 74 236 322
86 86 232 314
90 90 244 266
98 106 222 266
90 102 232 266
96 86 256 282
78 98 254 274
84 90 288 258
78 106 262 234
74 122 266 210
84 90 278 274
92 86 286 266
108 74 286 298
98 86 314 258
92 90 294 242
94 78 262 306
78 118 252 234
94 98 238 274
102 78 246 306
86 94 254 250
96 90 284 258
98 98 216 274
108 86 234 290
112 78 284 290
106 90 246 258
106 82 256 290
100 86 236 274
88 114 222 258
86 110 224 258
88 94 220 282
84 106 228 242
90 98 262 226
84 114 236 202
92 102 234 242
92 122 206 242
90 106 240 226
94 114 222 242
102 90 282 258
98 98 228 250
90 110 268 218
104 98 250 242
98 110 244 218
94 122 204 242
86 130 256 194
94 134 238 194
106 94 216 282
78 114 254 234
92 102 210 274
82 114 204 274
98 130 214 218
94 134 194 226
86 130 204 226
76 154 220 210
80 130 218 242
74 134 224 210
86 150 214 210
86 158 206 210
76 162 244 186
64 150 234 234
72 146 248 218
64 158 258 210
72 162 222 210
80 158 236 194
72 170 246 186
92 98 240 258
88 114 210 266
94 86 270 282
86 102 244 250
74 126 248 218
74 130 290 194
84 118 260 194
74 134 272 194
80 130 248 202
86 110 240 234
98 102 254 226
104 98 254 234
92 118 222 218
84 114 232 218
96 106 232 234
74 138 248 202
74 146 272 178
94 106 246 218
104 130 220 210
94 150 270 162
70 146 250 202
78 142 264 186
70 154 274 178
78 158 246 202
98 134 260 186
90 134 274 178
82 146 284 170
106 126 182 266
104 110 210 258
96 114 214 250
110 98 206 298
84 110 212 274
84 118 220 234
88 146 270 178
110 90 218 290
100 106 208 282
100 106 192 290
86 134 188 258
102 138 176 242
106 106 216 258
78 178 216 210
74 138 208 242
82 158 192 234
84 178 204 202
98 98 256 242
84 118 216 250
108 106 212 266
100 122 204 234
102 110 228 234
104 110 214 250
78 162 274 170
80 150 244 202
84 186 286 154
94 94 322 226
118 70 260 338
112 70 308 314
86 90 266 282
108 66 242 362
108 238 218 154
120 222 200 186
84 118 174 330
68 170 126 442
72 182 146 346
54 162 160 442
60 150 148 450
58 154 144 458
68 146 142 410
58 138 176 426
44 150 370 290
72 98 244 306
82 158 246 178
82 174 214 202
86 186 226 178
76 170 270 162
74 166 232 202
82 166 204 226
100 166 248 170
90 170 206 202
90 122 200 250
78 150 212 226
62 126 276 250
72 94 226 314
68 110 246 290
84 94 266 274
72 90 268 298
76 82 312 290
88 82 278 282
90 90 240 298
76 142 268 194
88 142 234 186
108 118 214 234
54 130 314 234
78 94 240 290
70 106 242 290
88 74 260 322
72 158 288 170
62 150 334 186
84 158 254 162
96 122 214 226
102 166 222 186
96 182 202 194
92 170 214 186
82 98 230 306
66 106 264 282
84 86 290 282
100 74 292 306
104 82 296 266
92 198 222 170
80 150 258 194
76 158 260 194
88 186 234 162
86 174 270 154
80 170 288 154
104 170 230 178
76 186 268 170
68 170 322 162
102 182 274 146
56 154 318 210
62 162 332 186
66 162 316 178
58 174 344 186
84 150 188 242
76 150 222 226
76 130 220 242
76 130 194 282
76 150 168 290
86 186 196 218
74 138 184 282
98 206 174 218
72 170 156 298
88 218 164 234
80 114 164 378
74 122 164 362
68 134 188 298
78 166 154 298
64 138 182 314
62 150 170 346
64 142 190 306
86 242 216 186
84 246 232 170
86 230 250 170
82 242 274 146
88 266 254 154
82 234 276 146
56 170 360 194
132 250 194 186
130 226 186 194
136 214 184 194
134 214 188 194
52 118 232 386
72 126 156 394
66 146 150 418
68 118 176 394
68 110 184 418
64 122 170 434
64 134 162 434
78 214 288 146
60 214 328 162
80 202 266 162
80 202 280 154
90 214 256 154
72 214 314 130
84 218 288 122
76 230 304 138
78 226 282 146
76 190 304 146
62 198 318 154
74 202 292 146
86 206 266 138
82 202 276 154
82 210 358 122
66 218 328 138
82 218 314 122
78 222 302 130
86 182 320 130
88 238 222 178
90 214 208 186
94 198 256 154
104 210 232 154
110 214 220 162
98 214 264 122
100 218 206 178
96 214 286 122
86 210 290 130
102 226 222 162
84 194 284 146
98 182 268 154
96 186 276 146
78 182 264 170
96 190 260 154
100 182 246 154
90 186 232 170
98 186 256 154
92 190 288 122
82 186 292 130
96 178 282 146
88 166 312 146
92 206 260 154
90 186 266 154
90 202 306 122
80 198 310 130
100 214 262 138
104 182 298 130
92 210 258 146
90 226 232 162
102 222 234 146
108 226 222 154
92 218 246 154
96 226 266 114
98 230 208 170
88 222 278 130
100 238 224 154
96 238 258 138
100 214 240 154
84 226 276 146
90 218 226 170
88 198 282 138
104 210 280 122
102 210 274 130
110 222 248 138
110 218 212 170
104 214 224 162
108 202 278 130
98 218 256 130
74 202 230 202
82 194 286 154
80 194 240 178
80 214 270 154
84 210 252 162
94 202 262 146
80 210 262 162
98 194 248 146
80 162 316 162
106 190 266 146
68 166 326 170
66 202 290 162
78 186 304 146
74 198 286 154
84 198 308 122
92 214 282 130
90 190 290 130
78 218 296 138
94 202 286 130
78 214 288 146
94 182 280 146
94 190 284 138
94 202 276 138
70 186 310 146
80 210 286 146
72 198 298 146
88 194 312 122
74 206 320 130
82 166 338 130
84 178 302 138
86 158 350 146
78 210 316 138
86 214 304 114
96 178 312 130
92 166 306 146
92 158 334 138
90 190 268 146
96 170 330 138
78 174 326 146
96 186 286 138
110 174 334 130
104 162 344 130
76 174 206 226
78 202 214 202
88 214 212 186
94 222 200 194
80 254 214 194
90 250 190 194
102 258 184 194
104 250 188 194
88 222 182 218
98 242 200 186
94 234 204 186
110 242 198 186
104 246 202 170
104 230 200 186
96 234 220 170
94 230 214 178
106 254 244 138
74 186 218 210
86 242 224 178
84 190 182 226
86 218 190 202
74 178 202 234
80 198 200 210
80 210 228 194
82 218 224 186
78 170 192 234
64 138 262 218
68 122 282 234
68 166 228 218
60 106 352 258
56 110 330 290
62 138 266 226
56 122 304 258
58 106 356 266
68 94 338 274
66 138 388 194
64 150 306 202
58 122 274 258
60 106 326 266
70 94 308 274
56 122 290 274
66 158 302 194
58 122 412 234
76 186 228 202
52 118 336 266
56 102 328 322
106 142 270 170
106 110 302 194
108 150 268 170
112 118 274 186
108 86 314 234
108 122 292 178
74 110 180 394
90 182 160 234
104 198 148 234
104 190 148 242
102 202 170 210
86 186 158 250
88 174 148 274
96 142 148 282
110 138 144 330
102 134 156 298
96 138 164 266
84 118 176 314
86 142 158 258
80 126 176 290
94 134 164 274
102 126 152 306
98 122 152 314
100 130 158 290
88 142 156 290
82 154 156 274
80 142 184 266
80 170 162 282
84 142 174 266
84 138 178 266
74 166 178 258
86 138 166 282
84 146 154 282
72 146 176 266
76 174 168 250
78 154 170 266
82 158 174 250
86 154 164 250
90 142 152 290
86 146 186 242
86 138 162 290
102 150 134 298
94 146 136 330
100 142 142 314
104 138 158 282
92 146 150 266
106 134 150 330
86 134 158 306
86 122 168 322
92 138 158 298
86 138 150 322
92 110 200 266
80 138 182 282
88 122 140 338
80 162 166 274
94 134 156 306
88 122 158 330
72 150 198 258
70 150 204 258
106 186 180 202
96 98 230 274
106 150 170 242
114 170 180 202
114 182 178 210
114 158 150 258
114 186 138 234
120 166 136 274
102 162 156 258
106 182 144 266
110 162 152 242
110 178 146 234
114 170 142 266
122 158 152 250
108 158 156 250
100 138 162 274
112 150 166 250
116 138 154 290
90 162 178 242
98 162 162 242
92 158 162 250
94 190 170 226
108 190 156 210
70 146 182 298
84 110 180 338
82 102 176 370
64 162 330 186
56 178 314 202
68 162 340 162
66 186 368 146
74 162 330 162
74 194 342 130
68 206 356 138
66 166 328 170
70 178 342 146
74 202 336 130
68 214 350 138
58 202 352 162
60 178 324 178
62 186 366 162
64 190 338 154
64 166 284 194
56 170 282 210
64 170 338 162
62 190 360 154
66 214 354 138
66 162 370 170
64 174 336 162
64 178 342 154
62 198 364 146
64 194 362 146
66 222 358 130
72 230 356 122
68 182 362 146
66 202 384 138
58 218 368 154
106 58 224 458
112 66 216 418
104 66 174 490
110 66 208 434
88 114 140 498
94 118 130 450
92 94 158 442
82 114 154 458
80 118 134 482
84 102 154 498
96 106 146 474
88 114 142 490
90 110 148 426
74 126 150 450
82 102 170 450
90 94 148 482
80 106 146 498
80 114 144 498
86 110 144 466
70 126 146 490
76 114 152 466
66 122 164 474
90 106 152 450
80 118 150 466
90 102 156 466
82 102 164 482
96 98 152 458
96 106 150 458
84 110 168 354
86 130 134 346
92 134 132 338
86 122 154 354
84 166 118 354
82 134 146 346
84 146 130 346
64 106 210 386
50 118 230 402
54 110 218 426
52 130 178 450
50 134 202 410
46 118 254 426
52 142 194 402
46 122 228 394
44 126 226 442
64 98 220 442
64 118 186 474
52 126 208 434
50 130 206 482
48 146 210 370
58 102 224 386
56 126 184 418
50 130 208 426
64 106 204 426
68 90 226 402
74 122 150 466
64 110 190 426
62 134 150 458
70 114 170 466
70 110 178 418
68 114 180 474
46 130 216 434
60 98 220 458
68 102 200 418
54 118 220 378
66 118 172 450
48 134 212 418
50 134 200 458
44 150 216 450
50 146 198 418
44 138 248 362
42 142 246 410
46 134 234 362
44 138 232 410
48 138 224 402
46 154 202 434
48 142 220 410
56 158 152 458
60 138 172 466
62 174 294 194
52 186 340 194
48 202 322 218
44 174 296 234
52 190 298 210
44 194 266 274
58 194 270 202
44 174 278 258
44 166 306 258
42 174 290 274
42 174 272 298
52 182 360 202
44 170 316 242
48 186 308 226
46 198 292 242
46 166 304 250
80 190 260 170
82 198 228 178
74 174 172 258
70 178 220 218
76 182 192 226
70 186 194 242
72 198 196 226
78 202 210 210
74 170 172 266
70 174 220 226
76 178 192 234
86 198 192 210
84 190 172 242
70 174 194 258
66 166 226 226
82 210 206 202
76 90 372 250
76 70 316 346
98 210 214 178
104 182 220 178
98 190 224 178
102 174 230 178
80 86 326 266
70 94 320 266
86 86 322 250
76 90 330 266
90 86 354 242
80 150 172 274
84 198 224 186
96 206 252 154
96 230 202 186
74 86 298 306
76 174 218 218
74 94 254 298
76 74 254 394
64 106 212 346
74 106 198 322
66 130 200 314
76 130 164 330
72 130 198 282
60 114 226 338
56 122 238 298
64 154 200 274
58 146 226 266
74 154 164 290
68 146 190 282
66 126 240 258
54 122 266 298
110 214 212 178
118 234 208 162
118 238 202 178
62 110 208 362
68 94 222 370
72 118 198 314
84 102 212 298
106 94 172 354
104 98 168 338
94 110 172 306
102 114 186 290
98 114 194 282
114 186 208 186
106 170 226 178
92 194 174 226
68 170 224 226
92 214 174 218
84 174 186 234
76 182 178 242
76 182 212 218
62 166 214 250
74 178 218 226
62 146 238 226
74 222 182 242
66 194 200 234
72 190 206 218
68 162 236 218
64 158 232 234
58 154 254 234
80 194 188 234
64 166 226 242
68 178 194 250
76 182 216 210
68 170 208 242
78 206 176 234
62 178 214 242
72 154 190 242
82 178 194 226
56 154 214 282
72 154 224 218
70 142 270 210
68 146 254 210
68 134 220 250
62 126 282 234
52 130 232 274
68 158 194 266
48 150 218 338
88 178 192 218
80 190 210 202
78 186 222 202
80 154 214 210
94 178 252 162
92 166 242 178
80 190 244 178
78 186 256 178
80 154 248 186
80 182 202 218
88 158 306 154
80 126 220 250
92 150 260 178
72 210 202 218
70 158 212 234
70 162 230 210
80 186 200 218
70 134 230 242
86 182 198 210
70 158 246 210
84 150 272 170
88 174 300 146
70 162 264 186
74 162 260 194
70 142 270 210
70 134 264 218
82 142 296 170
72 122 272 226
66 142 260 218
70 126 272 226
78 122 292 202
64 114 244 250
66 122 242 266
82 218 158 250
90 186 146 266
84 210 170 242
76 166 172 258
84 182 152 282
90 198 152 250
78 222 194 210
80 214 206 202
76 214 198 218
68 186 188 250
82 234 170 226
82 234 204 202
88 222 186 210
82 218 174 234
92 218 150 250
84 206 194 218
52 146 224 290
74 206 180 250
72 186 196 234
78 214 170 242
70 178 178 274
74 206 156 258
86 218 188 218
84 214 158 250
70 194 184 242
86 190 154 266
86 194 170 242
80 194 174 242
68 154 196 274
86 206 162 242
90 202 180 218
60 146 202 274
80 218 198 210
48 146 228 330
52 122 262 314
64 134 224 258
100 178 222 178
72 106 254 266
108 186 210 186
72 102 254 290
82 190 178 234
84 186 158 258
58 118 240 274
70 126 204 274
64 102 276 290
70 102 280 266
78 82 284 298
68 106 288 242
66 90 278 290
66 106 266 266
66 102 240 314
62 122 250 266
120 106 150 370
90 114 176 322
98 118 148 370
86 118 172 330
44 118 308 426
44 114 314 394
42 126 322 338
38 150 296 378
46 118 292 378
44 122 340 346
38 138 336 386
40 134 344 338
46 126 316 322
40 134 298 402
40 146 314 362
38 142 314 378
44 122 314 378
46 122 302 346
40 154 286 378
96 58 238 530
106 206 122 322
102 238 128 290
106 66 218 418
104 106 158 378
78 194 132 322
86 190 126 314
72 182 152 314
70 194 156 298
76 170 168 282
80 150 146 314
88 126 160 322
82 114 180 338
110 106 204 282
110 118 162 322
102 114 192 282
98 106 184 306
104 114 154 346
102 98 190 314
110 94 200 314
104 94 224 274
100 86 216 298
104 102 226 250
96 98 248 250
86 210 140 290
94 222 156 242
84 114 178 338
66 106 200 378
70 94 208 378
64 250 332 146
60 246 342 146
60 234 362 154
46 158 258 306
44 178 232 314
44 158 288 266
44 154 272 290
50 150 240 282
64 170 180 282
50 190 188 298
62 186 180 282
52 170 212 282
62 170 182 298
70 190 178 258
52 182 182 298
58 166 170 314
62 182 166 306
50 182 200 314
54 162 204 298
44 198 218 330
46 202 208 314
46 174 212 338
48 170 214 290
64 146 220 258
58 198 202 258
54 170 204 290
50 158 236 282
56 158 220 266
52 146 252 258
60 190 196 258
50 174 188 338
60 146 196 306
56 166 178 330
58 142 210 290
58 154 170 338
58 182 168 314
66 142 196 290
70 186 172 282
64 134 180 346
66 174 168 306
56 194 160 338
56 166 198 282
56 142 238 258
66 206 192 250
48 206 192 338
56 178 236 234
58 166 232 242
54 174 206 274
60 194 198 242
62 198 180 266
52 186 184 282
50 178 210 290
56 182 188 282
52 162 224 258
60 158 196 290
50 194 182 338
52 190 174 322
58 186 170 306
54 166 206 282
48 198 194 314
58 174 178 306
66 210 190 242
58 202 176 282
68 202 188 234
58 174 204 274
54 170 260 242
60 170 214 250
52 154 280 242
62 126 276 250
58 142 264 234
68 130 260 234
68 138 256 226
68 210 184 234
60 178 210 250
56 142 256 242
66 130 238 258
42 190 250 282
46 178 246 250
54 166 274 234
60 166 236 234
62 154 232 242
48 198 248 242
54 142 220 298
62 154 210 266
66 142 258 226
54 178 238 242
72 134 192 274
50 170 212 306
58 154 200 290
54 186 224 250
66 162 190 274
66 154 164 314
52 154 208 306
62 134 202 298
58 146 202 306
56 150 224 266
60 150 188 314
54 154 214 290
56 150 190 330
54 170 164 338
58 166 166 330
56 158 186 330
62 178 178 298
54 146 204 314
56 170 174 322
52 174 188 298
52 162 188 322
50 166 198 338
52 150 212 306
60 166 188 290
56 170 190 290
56 158 190 314
58 170 196 282
60 182 202 258
50 166 214 306
52 150 228 274
52 138 228 298
52 166 178 362
54 142 210 322
46 186 188 346
54 154 210 298
64 174 148 338
68 186 160 306
58 178 154 362
68 170 162 306
70 154 176 298
52 182 198 290
68 182 190 250
62 182 172 298
52 174 172 330
56 170 186 298
54 154 198 322
64 154 198 282
52 154 222 274
64 150 214 258
52 146 210 338
50 134 236 306
54 174 178 322
66 170 170 306
46 190 218 298
50 186 186 330
46 158 208 362
48 154 210 314
50 162 208 322
54 150 218 298
50 142 232 306
46 150 256 314
54 138 218 314
58 178 204 266
58 154 244 242
52 146 260 250
52 154 238 266
58 154 230 258
58 170 240 234
52 166 270 242
58 186 190 266
58 186 174 298
56 190 182 290
56 170 182 314
66 190 164 282
60 202 174 274
64 190 172 282
54 190 188 274
60 174 260 218
56 166 268 226
58 170 262 218
56 170 260 234
62 178 226 234
58 182 224 242
58 158 264 218
58 174 206 258
54 154 292 218
54 170 198 314
50 154 228 290
46 162 328 258
44 150 286 306
44 146 304 298
46 142 316 274
38 194 304 290
50 166 286 242
46 166 252 282
46 162 256 274
50 158 244 274
48 150 254 298
48 174 232 274
48 150 272 250
48 158 252 266
46 166 286 258
54 158 286 226
54 174 254 234
44 186 278 250
54 154 288 226
52 174 262 242
48 186 262 234
62 150 214 266
56 194 208 250
60 178 186 274
56 158 224 258
56 150 262 234
56 146 270 234
54 170 272 234
46 154 260 274
50 158 290 242
46 198 234 266
42 214 232 298
46 206 228 274
40 194 290 290
44 218 242 274
44 186 272 274
42 202 260 242
50 202 298 210
56 190 250 226
50 182 252 234
54 166 280 226
50 186 310 218
50 178 292 234
52 158 296 234
50 150 248 274
64 182 198 242
60 186 184 274
64 198 196 242
56 166 222 258
56 202 196 266
48 170 222 282
56 186 198 266
46 202 228 282
46 206 232 258
40 214 246 298
40 202 284 298
44 198 248 266
52 166 286 226
56 206 194 258
50 166 316 218
46 218 196 330
42 190 218 362
44 186 220 314
48 194 196 298
44 210 230 298
46 206 210 298
42 178 232 330
44 174 234 282
62 170 186 282
46 162 284 266
48 190 194 330
48 158 270 258
68 158 182 274
74 142 190 266
70 122 228 250
60 134 230 266
52 194 178 290
52 198 168 330
54 174 200 290
58 178 186 282
60 166 198 274
54 158 224 266
56 178 200 274
60 174 202 266
58 178 192 274
52 170 218 266
58 142 246 250
56 190 176 298
62 174 184 290
62 146 286 210
66 182 162 290
58 170 206 266
70 174 162 298
68 166 198 258
54 134 286 234
64 130 278 226
70 118 278 234
52 186 198 274
62 202 176 258
62 182 190 266
64 190 154 306
60 190 160 306
68 182 174 282
62 166 192 266
54 150 244 250
58 186 232 234
60 150 278 210
62 158 230 242
56 182 180 298
50 166 226 274
50 162 234 282
52 206 230 242
72 198 184 234
62 198 202 234
60 202 194 258
60 178 234 234
68 202 172 274
80 214 194 218
62 214 200 234
54 182 226 250
66 178 166 298
68 218 150 274
54 202 154 306
58 210 144 330
60 186 176 290
66 202 152 306
70 190 158 274
62 186 168 290
64 202 146 314
60 186 162 298
68 214 158 282
54 198 162 314
62 158 190 290
64 198 174 266
62 210 168 266
54 178 194 282
64 182 176 266
68 198 160 282
58 194 164 306
68 234 182 234
72 218 174 250
56 218 174 266
74 222 162 250
68 214 150 306
48 194 176 346
46 206 204 322
54 178 190 290
50 218 176 298
54 210 194 266
58 218 166 290
46 190 198 330
48 186 200 282
66 174 182 274
74 190 182 250
58 190 182 266
52 202 170 306
60 162 198 282
54 202 176 298
56 214 182 274
50 214 184 306
48 182 208 290
50 158 248 266
56 174 240 242
62 218 208 226
66 226 180 250
72 194 176 258
54 186 234 242
56 198 184 274
58 174 224 250
64 190 216 226
60 190 172 290
60 214 176 258
58 174 192 282
52 182 202 274
56 198 172 298
52 178 210 282
62 186 184 258
60 138 238 258
62 170 226 242
112 270 124 290
100 258 114 330
116 262 120 290
110 258 126 290
104 274 120 298
106 230 110 346
100 258 114 330
118 266 108 322
104 278 104 362
94 274 108 338
102 258 108 354
102 238 118 322
106 230 114 322
82 250 134 306
88 258 128 298
96 266 122 306
100 258 118 306
104 230 122 322
108 254 126 306
88 218 104 378
94 274 112 314
78 266 122 338
102 258 112 330
114 246 124 306
118 238 120 306
70 242 130 346
52 214 154 434
52 218 158 402
56 210 146 378
56 218 148 370
50 210 174 354
58 202 136 394
64 190 128 434
58 178 134 426
56 174 140 410
52 150 184 386
74 210 140 314
64 198 138 338
66 194 152 322
58 186 140 394
62 190 136 354
60 178 144 362
66 198 130 386
68 194 132 354
60 174 148 362
90 118 140 386
92 150 142 314
90 174 142 274
92 190 138 274
90 186 130 282
80 158 134 314
82 174 130 314
90 178 128 298
74 170 152 314
82 174 138 306
84 166 138 298
88 146 134 338
84 146 144 330
84 190 134 306
86 182 134 298
78 122 154 386
68 150 148 362
68 138 148 402
76 126 140 458
78 118 172 378
74 170 124 354
98 174 130 306
84 162 132 330
98 170 130 314
86 170 120 330
98 182 132 290
80 174 128 330
94 182 126 314
82 182 116 330
76 162 124 346
88 174 136 306
82 170 128 322
84 186 124 322
76 138 124 426
98 166 128 322
76 142 124 362
88 154 136 322
98 162 128 330
86 162 118 346
98 174 130 306
72 154 120 362
74 170 116 362
82 174 114 346
66 154 136 394
72 170 134 354
80 134 144 362
74 130 150 386
72 142 148 378
68 162 142 370
70 154 142 362
70 130 154 434
66 166 138 362
70 142 146 386
68 154 144 378
66 142 150 434
74 126 150 450
62 158 150 386
60 142 166 466
68 98 324 274
74 150 340 162
70 138 326 186
64 130 308 202
66 118 326 210
66 154 322 186
86 94 340 226
40 174 244 362
84 202 148 282
58 158 184 306
52 158 206 346
50 174 220 266
56 182 198 274
64 158 200 258
70 158 204 250
68 150 208 266
70 142 186 290
62 158 222 250
42 154 242 314
42 150 268 338
78 138 196 266
66 142 214 242
62 142 236 242
52 158 234 250
58 158 214 258
66 170 204 250
60 142 198 290
60 154 226 258
70 154 226 234
72 142 218 234
70 166 196 250
78 130 228 234
50 178 182 346
44 178 204 386
48 174 202 354
38 166 260 370
48 158 244 290
48 166 244 282
50 170 246 250
50 162 240 266
42 178 264 298
48 178 230 274
46 170 250 258
50 178 216 282
46 162 220 290
46 186 244 266
50 170 228 258
56 170 232 250
48 154 248 298
48 174 258 250
48 174 266 242
48 166 260 258
40 178 222 354
42 158 274 290
38 190 260 322
46 154 214 314
50 150 222 322
58 154 192 298
44 166 238 330
52 166 204 314
62 178 174 306
66 158 208 250
60 154 230 250
50 178 202 298
44 150 248 330
64 170 210 242
68 174 126 426
58 166 158 362
48 214 236 250
54 234 192 266
50 202 198 290
56 238 220 226
62 234 194 226
80 238 216 194
70 218 222 210
50 202 246 242
50 202 254 218
50 186 210 258
56 214 218 234
54 202 260 202
52 186 246 234
48 190 230 266
52 214 228 226
50 226 298 202
58 206 202 250
52 222 218 250
58 222 208 242
52 202 208 266
52 218 222 250
62 222 200 226
72 222 222 194
70 222 252 170
54 202 228 234
60 186 284 194
58 198 262 202
72 214 206 210
52 214 302 178
60 234 280 178
64 234 208 218
60 206 208 234
52 202 252 226
60 194 250 202
62 194 212 226
54 190 256 218
62 182 254 194
60 194 270 186
60 186 206 250
56 210 228 226
50 194 240 250
58 186 238 226
64 190 248 202
52 198 254 226
56 190 218 242
54 218 238 210
62 210 236 186
60 206 222 226
48 210 260 234
62 214 230 210
54 210 250 226
78 222 238 178
60 230 320 162
76 206 210 202
76 194 252 170
66 186 216 218
66 174 258 186
54 194 258 210
64 186 274 178
68 194 210 226
68 182 252 194
60 202 232 218
74 186 214 226
60 182 222 234
58 210 242 202
66 202 240 178
64 198 226 218
54 198 286 202
62 178 242 218
76 194 226 202
68 202 284 162
66 214 204 218
76 214 226 186
74 214 256 162
64 206 334 146
60 214 268 186
62 194 304 162
66 190 306 162
80 194 292 138
58 194 298 178
68 186 294 162
70 174 298 154
70 170 304 170
62 206 286 170
68 186 314 146
68 178 328 154
72 182 292 162
68 206 266 162
74 190 278 162
58 186 252 210
64 182 288 170
72 170 336 138
70 210 284 154
66 190 306 162
70 218 294 146
82 182 322 146
62 194 268 186
64 186 218 226
64 174 260 194
72 174 272 170
62 190 240 218
62 186 276 178
54 178 252 226
64 170 248 210
66 170 210 234
58 166 254 226
66 158 252 202
76 190 204 218
68 178 204 242
60 166 216 250
58 194 236 218
66 186 234 194
64 182 220 234
58 178 258 210
66 154 258 218
64 170 268 194
62 162 236 234
68 166 246 210
56 174 252 234
60 178 256 218
76 198 220 202
74 198 250 178
82 214 258 154
72 202 282 154
62 166 314 178
64 182 310 162
56 182 258 218
62 178 284 186
52 182 304 210
60 174 302 186
64 190 242 210
62 178 310 178
54 186 308 170
60 170 312 186
52 174 270 234
60 166 268 210
66 182 236 218
58 170 248 226
56 198 268 194
64 190 266 170
56 182 290 186
50 190 290 218
54 182 296 202
68 178 296 178
66 170 278 186
66 190 310 154
58 182 288 194
64 162 298 194
72 190 322 138
64 202 242 202
74 174 260 178
68 158 286 194
68 206 224 210
52 178 280 226
52 178 258 242
62 174 258 218
52 170 268 242
56 194 244 210
58 178 298 186
52 182 276 226
50 178 294 226
52 194 272 210
50 170 282 242
54 194 258 210
52 178 286 218
52 206 328 186
56 170 264 226
54 162 208 266
60 190 216 242
60 178 228 242
56 162 244 242
56 190 226 234
62 182 200 258
64 210 234 210
60 178 290 194
80 226 186 218
66 210 192 234
58 114 226 362
52 110 262 354
58 90 276 410
60 94 250 402
54 106 280 346
62 102 272 322
56 94 278 378
52 102 288 370
60 102 280 322
56 106 258 354
52 110 296 314
50 118 306 330
46 130 226 426
52 138 200 394
50 106 264 434
46 122 282 370
46 114 274 426
44 146 230 410
44 154 224 418
44 150 230 386
50 114 242 450
76 114 192 306
66 130 168 418
60 142 170 378
64 158 142 402
66 158 146 386
58 154 166 354
72 146 150 362
54 142 190 354
68 106 334 234
66 102 318 250
54 162 318 210
46 166 352 242
52 158 328 218
48 182 346 226
48 162 318 242
56 162 310 210
80 90 336 258
48 162 372 234
46 182 366 226
40 170 356 266
46 158 364 250
46 162 328 258
48 170 346 234
44 162 344 258
44 154 340 274
40 170 348 298
48 146 346 266
88 154 342 154
90 142 368 154
84 162 334 154
84 114 140 506
86 110 140 514
76 122 126 482
84 130 116 498
80 102 166 474
74 118 152 514
66 114 172 490
68 118 170 498
76 110 152 506
66 114 182 474
72 126 142 466
84 114 144 466
68 118 160 514
84 118 140 458
70 130 144 482
62 126 172 482
74 110 158 458
74 110 168 442
66 134 144 450
76 102 162 490
70 122 158 410
74 142 134 466
76 114 156 426
68 122 160 498
66 106 198 506
70 114 160 490
74 118 154 482
86 106 218 282
80 158 168 274
86 126 204 258
84 170 210 218
76 118 198 298
82 110 198 306
78 126 192 290
80 122 214 266
96 110 196 282
90 106 200 290
74 138 200 258
76 130 192 290
72 138 228 242
80 114 208 274
80 102 222 290
82 90 232 306
82 102 192 314
68 134 210 274
74 122 220 258
70 130 200 290
72 166 172 298
92 118 196 266
76 102 250 274
80 110 220 282
84 114 190 298
96 158 314 146
82 158 344 154
80 158 368 154
90 146 334 154
94 138 386 154
102 214 234 154
114 182 266 146
110 170 310 138
96 134 358 154
106 162 330 138
106 170 296 146
96 154 322 146
106 146 350 138
98 150 374 138
92 154 338 138
104 150 314 154
100 146 326 154
106 134 376 146
102 142 378 146
104 130 398 146
98 130 384 154
100 138 400 146
102 130 376 154
84 154 354 154
82 150 376 154
92 150 324 154
86 134 312 162
98 134 336 154
118 178 262 146
106 174 240 170
88 174 240 178
96 154 236 178
100 178 248 162
92 154 252 170
88 142 280 178
90 130 278 186
92 146 310 162
82 150 300 162
94 146 280 170
112 186 272 146
76 138 334 170
88 126 342 170
118 190 258 146
94 178 226 178
98 138 250 186
90 178 236 170
88 178 234 178
86 198 220 186
96 166 232 178
100 194 230 170
106 210 212 186
80 114 358 194
84 106 350 202
82 122 286 202
92 102 370 194
88 110 296 202
86 106 318 202
92 130 318 170
96 146 272 170
94 170 282 154
94 138 282 170
102 150 250 178
98 162 282 154
94 162 320 146
116 174 284 146
102 150 320 154
106 142 328 154
96 134 276 170
100 130 242 194
96 166 276 154
104 146 244 178
90 146 336 146
110 138 318 146
94 142 338 154
96 126 330 170
94 126 340 162
94 130 270 178
86 106 324 186
92 102 342 202
86 130 362 162
90 94 330 226
96 106 322 178
94 102 344 178
106 122 344 162
90 110 366 178
94 118 362 170
90 102 290 210
96 114 284 186
94 110 306 186
86 110 316 194
92 110 280 210
100 102 288 202
98 98 310 202
102 126 262 186
98 122 274 186
92 134 306 170
102 122 344 170
114 118 334 170
120 130 312 170
106 94 316 226
98 110 286 202
98 146 254 178
110 202 206 186
104 182 230 170
114 174 252 162
94 138 302 162
86 114 306 186
88 138 262 186
72 154 342 170
82 114 328 194
88 102 314 210
90 102 358 202
114 74 322 290
102 78 334 274
98 106 308 202
74 174 150 314
64 170 134 362
80 158 152 298
66 174 144 354
62 150 160 354
76 154 172 282
68 154 148 346
66 170 150 346
62 166 156 346
62 174 138 402
58 182 158 354
54 186 152 354
68 198 130 370
68 154 150 338
56 170 152 370
54 170 142 394
70 174 170 290
66 174 154 322
56 190 162 346
84 134 152 330
72 186 146 330
88 166 154 274
76 138 170 306
74 170 132 346
78 166 148 314
72 142 206 258
60 182 160 338
50 186 176 346
50 182 168 370
64 174 172 298
76 170 136 330
62 162 188 298
44 174 208 394
70 138 170 322
94 110 198 290
74 158 160 314
90 146 178 250
76 142 158 314
62 174 162 322
76 142 160 306
62 158 152 362
82 138 166 290
76 134 186 282
92 138 190 234
78 122 216 266
84 126 210 258
86 142 144 330
72 174 148 322
72 158 148 330
70 154 184 290
84 162 150 290
84 158 186 242
74 178 168 282
64 154 208 266
70 118 202 306
66 110 254 274
70 94 266 290
86 118 174 306
92 134 174 282
98 162 172 234
90 134 184 242
92 146 178 218
100 122 202 242
102 122 188 250
102 114 194 258
98 118 186 274
96 138 178 234
96 126 170 274
80 138 188 274
86 110 204 282
66 126 180 330
80 130 192 258
86 110 190 306
78 118 198 282
88 106 216 282
90 98 208 298
84 122 192 274
84 134 184 274
88 114 176 330
80 162 186 242
62 138 180 322
76 142 192 250
84 114 202 282
78 142 166 290
66 134 176 346
74 122 172 298
62 130 174 370
82 142 202 242
74 130 206 258
78 106 208 290
88 110 180 314
70 122 170 370
72 130 168 322
86 166 174 234
68 142 168 314
88 182 188 218
84 146 154 282
88 150 174 250
70 126 168 330
68 126 158 354
66 134 162 362
92 130 166 306
84 114 176 346
86 134 168 290
80 122 162 330
66 138 154 386
98 146 168 250
108 114 184 290
76 130 156 354
66 162 148 354
82 194 188 226
76 206 190 226
70 178 158 290
86 166 176 226
72 182 168 282
80 154 166 282
74 186 170 274
68 186 158 314
84 146 156 274
72 162 158 306
70 162 148 330
90 174 188 210
98 142 200 218
82 166 160 258
84 154 190 234
72 166 172 298
58 162 172 330
72 130 170 314
60 146 172 346
86 134 188 258
96 102 204 298
56 142 174 418
68 130 170 346
56 146 172 378
54 146 162 402
80 126 168 298
108 118 210 250
82 146 188 250
78 146 172 282
84 110 204 290
48 182 196 338
48 178 188 362
68 142 170 306
54 158 162 362
66 162 174 290
66 150 170 330
52 166 162 386
58 154 158 386
64 142 154 338
64 150 188 298
92 162 146 282
50 174 186 354
92 122 192 250
86 138 188 242
88 162 140 290
86 138 174 274
90 122 186 258
84 138 182 250
82 142 182 266
70 130 186 314
56 146 188 346
68 130 180 322
56 138 182 394
80 106 206 290
74 122 202 282
78 106 200 298
72 122 196 290
80 130 166 314
76 118 206 282
70 134 202 274
82 122 200 274
74 114 190 314
76 146 154 330
72 158 154 322
84 142 146 298
74 150 156 330
74 138 176 290
82 118 180 282
60 146 182 338
62 138 172 354
82 146 160 298
82 134 152 338
54 162 186 354
46 170 198 386
74 118 200 290
68 134 196 282
72 110 194 338
80 122 194 282
80 110 186 322
72 114 184 322
70 114 206 314
94 146 140 298
98 174 136 290
80 142 178 282
76 110 192 338
82 130 154 338
68 126 192 322
62 130 172 402
70 114 186 378
78 142 154 330
76 134 148 378
76 122 166 338
68 122 186 346
64 122 176 394
68 122 172 362
70 126 186 322
68 118 180 354
66 118 188 370
62 134 166 378
50 170 168 410
74 150 158 322
60 170 158 354
60 166 150 378
52 178 168 354
60 166 160 346
52 178 166 362
58 166 150 418
50 178 166 402
50 178 168 394
52 162 168 442
52 154 176 410
62 150 158 378
52 166 176 370
72 150 160 322
50 154 180 402
48 154 170 426
58 166 162 354
72 134 160 338
58 150 152 394
62 150 176 338
64 134 176 354
48 190 182 362
52 162 176 386
56 162 184 338
62 150 178 330
48 166 170 386
58 150 162 362
58 146 184 354
48 162 190 402
78 174 180 242
80 146 150 330
80 178 144 290
94 146 142 274
78 174 166 274
84 162 160 266
70 178 152 322
98 174 138 282
80 162 144 298
82 130 152 346
92 138 160 290
88 134 180 266
82 146 146 314
92 138 148 314
78 158 180 258
44 162 194 442
82 138 152 330
70 138 156 370
46 154 208 402
82 130 156 314
66 158 194 282
66 142 194 298
48 174 202 354
78 126 192 290
84 110 196 298
56 138 180 410
78 134 150 370
60 134 174 370
52 154 186 378
70 134 176 314
68 138 174 338
78 142 156 306
64 158 148 362
84 134 154 314
98 138 146 314
92 146 140 322
74 142 140 338
90 122 166 322
88 122 176 282
76 142 156 322
88 118 170 314
64 158 158 330
72 138 162 322
44 178 202 410
54 142 176 410
46 166 186 410
54 138 184 402
46 162 204 418
48 146 202 410
50 150 190 394
46 166 192 402
56 138 188 386
72 130 194 298
68 130 178 330
70 118 176 330
68 126 176 346
56 150 178 346
58 134 178 362
50 162 180 386
84 122 158 354
78 118 180 322
96 118 208 258
44 190 210 362
40 198 214 386
50 170 186 378
46 178 186 370
50 174 184 370
46 178 192 362
46 174 204 378
54 166 186 346
56 162 184 338
58 154 178 322
54 154 176 370
48 170 196 370
48 158 202 370
50 162 190 354
78 114 174 354
50 154 190 370
60 162 162 354
76 118 174 354
62 122 204 330
78 102 252 266
70 110 246 266
82 98 250 274
64 126 242 258
80 138 206 250
64 118 230 290
84 134 210 250
92 118 212 258
70 98 256 274
80 122 216 258
68 114 230 282
72 102 294 258
90 158 210 202
84 174 206 194
84 186 184 234
82 166 204 226
92 142 210 218
96 158 220 194
96 162 204 194
84 162 198 226
86 158 206 210
90 174 216 186
90 162 178 242
72 186 232 202
78 174 230 202
76 170 210 226
42 166 240 362
44 158 214 402
42 166 238 370
44 178 212 378
46 154 210 370
46 146 242 354
44 166 226 354
44 166 232 346
46 158 196 458
46 150 208 450
52 146 192 410
52 138 200 394
54 142 188 378
44 170 224 378
42 154 298 306
46 146 302 290
40 158 288 314
46 142 312 306
40 158 290 306
40 170 268 346
40 166 280 338
46 146 288 306
94 178 166 242
102 166 152 218
106 162 172 226
94 186 176 218
100 166 174 218
102 158 160 234
96 166 162 226
102 154 168 242
100 166 156 250
110 170 144 266
108 154 166 234
92 166 146 258
108 146 172 242
94 154 176 234
82 182 154 282
90 146 192 218
86 134 220 210
80 146 186 258
94 154 172 242
82 126 188 274
76 162 160 290
64 138 170 346
78 122 214 274
74 118 234 250
84 150 180 258
70 130 214 258
68 118 216 274
66 150 178 314
70 126 190 306
76 106 240 242
70 122 236 234
74 118 256 242
76 110 224 290
74 110 226 274
68 126 222 266
78 98 234 290
88 126 200 242
84 98 244 274
86 98 230 282
82 98 232 290
80 114 220 266
74 102 284 250
88 122 226 202
74 126 218 258
64 110 258 274
80 102 228 274
82 126 214 242
80 110 232 258
70 110 234 282
78 110 226 266
82 138 222 194
66 130 256 242
78 130 200 258
64 126 230 274
70 114 224 266
66 130 220 266
82 150 200 234
94 154 200 210
88 158 194 226
100 142 186 202
92 162 182 210
90 170 190 218
104 150 176 234
98 162 192 202
84 138 200 234
106 134 208 218
86 126 212 234
80 142 208 226
68 118 210 298
42 166 218 410
72 114 210 290
74 98 236 282
90 114 220 250
96 114 230 234
98 114 216 242
92 138 172 258
86 142 218 218
84 122 196 266
82 146 212 218
78 174 232 194
88 154 182 242
80 138 206 250
82 130 220 234
110 174 140 250
96 166 160 250
100 194 156 242
82 126 212 258
70 102 232 314
84 106 190 330
94 122 216 234
106 142 176 234
56 150 202 306
52 150 200 354
50 170 186 378
54 154 188 338
86 154 230 186
80 166 232 186
88 154 184 234
88 134 244 194
74 166 220 226
72 158 204 234
96 206 144 258
108 190 134 242
100 194 158 234
96 194 142 266
96 178 190 202
104 158 194 194
90 190 192 202
98 170 196 194
106 138 208 202
82 182 164 250
78 170 218 218
70 162 190 266
76 126 232 234
82 110 236 242
94 130 196 242
112 138 204 218
90 142 196 234
100 186 138 274
102 198 150 250
42 194 216 402
50 162 204 346
68 150 182 298
68 138 216 258
76 118 220 266
52 146 204 362
86 106 224 274
36 214 234 418
38 210 236 434
36 194 280 458
38 186 258 466
102 110 144 426
96 106 154 426
96 106 152 434
114 114 128 418
108 110 138 418
108 110 136 426
126 106 146 426
94 114 140 434
116 106 128 506
108 110 132 482
102 126 118 490
106 114 132 498
108 102 150 410
108 102 148 418
112 126 122 442
110 118 134 410
110 118 132 418
112 106 132 442
120 114 120 474
106 122 118 450
110 114 144 402
106 102 142 442
106 102 140 450
112 118 118 498
100 118 128 450
100 118 126 458
114 110 130 474
114 110 128 482
112 102 136 458
104 118 138 386
98 114 146 394
104 114 144 418
102 102 160 402
56 114 216 394
58 106 240 370
58 110 216 370
60 102 242 354
66 82 276 386
42 134 266 354
46 150 242 330
46 126 272 346
56 102 316 330
56 106 238 410
56 110 214 410
50 110 268 402
56 98 266 378
58 106 244 354
54 114 244 354
50 114 244 402
46 126 248 362
52 114 236 418
46 118 278 402
50 118 278 354
64 94 240 442
60 94 312 314
44 130 266 330
50 130 274 282
48 146 242 306
54 146 250 258
62 90 310 322
56 106 306 298
50 110 300 354
52 118 278 330
52 126 274 298
42 150 250 386
44 126 278 378
64 98 230 410
48 122 272 322
64 94 276 322
58 90 290 354
58 94 266 354
60 86 302 354
62 86 318 346
56 94 302 354
52 114 258 378
54 98 300 354
58 98 316 306
60 98 268 330
56 106 278 330
60 102 244 330
62 98 234 394
50 114 260 394
48 118 254 386
50 118 236 394
56 106 254 378
58 106 214 386
48 122 248 338
50 122 264 322
54 110 248 386
62 90 298 338
58 82 306 362
58 86 282 362
56 94 272 386
56 98 248 386
54 102 262 386
54 98 288 410
54 102 282 362
62 82 300 362
56 98 296 338
54 90 316 362
52 102 282 386
66 82 278 362
70 86 246 394
66 90 250 386
68 94 262 330
66 94 226 386
60 98 256 378
52 118 260 338
60 98 236 426
50 122 226 426
54 114 230 394
60 94 242 426
64 94 238 458
56 98 272 370
108 66 290 354
104 66 292 346
106 66 280 362
102 62 288 378
74 122 256 218
62 142 260 226
66 130 262 234
78 90 298 274
86 90 270 274
66 82 334 338
110 62 274 386
82 94 260 282
44 142 336 306
54 110 334 306
48 134 302 290
70 86 324 306
64 102 320 282
68 82 344 314
68 82 316 338
70 78 342 322
64 94 338 298
90 62 358 362
66 78 320 346
76 70 376 338
68 98 258 314
98 62 330 362
92 70 206 410
82 78 218 378
84 78 206 386
84 94 198 346
90 78 194 346
80 90 212 338
88 74 210 370
78 82 222 338
80 82 210 346
90 78 216 330
90 74 238 322
74 86 262 314
80 98 218 314
80 102 196 330
88 102 172 346
86 106 178 354
98 94 208 306
78 102 186 370
82 82 198 394
98 70 228 378
90 98 172 354
80 102 188 354
80 102 180 370
84 102 180 362
82 94 190 362
84 94 178 370
84 86 182 370
100 74 212 354
74 86 210 362
74 98 200 362
70 90 238 378
74 90 204 386
72 86 232 370
82 98 172 426
72 106 184 394
74 114 174 394
74 106 172 402
74 98 176 402
72 118 160 418
74 94 198 386
82 110 160 370
88 98 166 402
80 114 168 370
78 106 178 370
80 106 166 378
84 110 166 362
78 118 154 394
90 114 170 346
80 118 168 362
82 118 156 370
82 110 160 370
80 110 182 346
94 86 220 314
92 90 218 306
88 78 188 354
88 90 180 354
86 82 218 322
94 90 228 298
90 82 202 330
82 98 184 362
86 90 180 362
82 86 196 386
84 94 202 330
92 102 194 306
90 106 192 298
94 102 206 298
82 94 192 354
86 94 180 322
84 82 194 354
86 82 182 362
88 94 174 354
100 94 202 314
96 74 228 338
86 90 184 354
94 74 182 386
98 86 216 322
86 82 172 370
86 78 208 362
84 94 170 378
84 86 206 346
92 118 160 346
92 106 164 338
100 90 162 370
90 98 174 338
88 102 162 378
102 110 160 354
92 98 162 346
98 110 166 322
90 110 150 362
92 86 192 346
86 102 164 386
80 78 226 354
78 90 206 346
86 74 204 378
76 82 216 346
78 78 230 354
74 82 244 362
78 82 204 354
88 78 210 338
76 94 192 370
88 74 232 330
88 98 196 314
96 110 188 298
88 110 172 338
84 90 208 322
86 90 196 330
84 102 184 346
80 90 228 322
86 90 220 314
92 82 264 290
94 86 240 298
82 98 200 338
82 90 216 330
84 94 220 298
88 90 194 338
86 102 206 306
88 86 230 306
88 90 210 314
84 86 212 330
108 70 232 362
100 78 252 306
104 70 218 394
88 106 186 306
94 118 176 298
90 114 192 290
94 94 208 314
76 98 234 306
72 86 256 322
82 82 238 306
76 102 224 298
78 98 212 322
88 82 246 298
86 106 176 362
112 102 148 402
104 110 148 378
92 114 170 314
78 94 188 386
74 102 188 386
72 114 176 402
76 102 174 394
78 102 174 386
72 98 190 418
74 102 188 386
74 114 164 410
74 78 218 386
76 94 196 362
74 106 184 378
76 78 240 346
92 74 270 314
74 94 208 354
78 102 198 346
76 94 208 346
78 94 196 354
70 94 222 338
72 94 210 346
72 90 236 346
80 86 218 330
86 98 216 306
80 94 220 322
78 86 230 322
80 82 244 330
90 82 224 314
92 78 248 314
80 98 206 338
84 78 210 378
72 90 218 402
80 106 184 362
74 86 206 410
76 114 182 346
76 102 184 386
78 114 182 338
78 102 184 378
92 118 152 354
86 114 158 354
88 118 168 338
84 114 158 362
92 106 160 386
82 114 172 354
82 114 180 338
96 62 252 418
110 62 264 394
100 66 232 402
120 58 290 402
104 62 272 394
114 66 228 402
104 62 230 418
114 54 270 426
100 66 304 354
102 66 230 418
108 58 300 402
98 62 232 434
76 154 266 178
82 130 312 178
82 106 288 210
74 130 290 194
78 130 284 186
76 142 302 178
88 162 322 146
80 118 296 194
82 122 252 210
82 162 298 162
86 162 292 154
74 134 314 186
74 110 290 218
70 114 284 234
66 134 292 202
70 134 286 194
68 154 296 186
76 150 268 186
80 150 262 178
82 114 288 202
72 110 270 250
68 130 278 218
80 126 282 194
82 126 230 218
80 102 258 226
72 126 260 210
76 126 254 202
74 146 264 194
80 106 294 218
74 126 344 170
74 130 244 226
78 130 238 218
72 106 272 234
76 106 266 226
76 102 290 242
76 102 262 250
80 146 308 170
78 166 318 162
76 114 318 202
78 158 326 162
74 118 284 218
70 162 354 154
72 146 312 178
78 114 266 210
80 118 222 226
78 118 230 250
74 126 210 266
76 114 258 226
80 98 264 242
74 118 298 194
76 94 270 250
74 98 310 218
96 118 278 186
82 102 282 218
88 114 294 178
80 138 306 178
76 118 296 210
78 134 312 170
78 138 352 162
68 126 330 186
76 122 328 178
68 114 290 234
98 126 322 162
84 110 338 202
96 154 290 154
102 154 300 146
74 130 216 250
70 142 250 226
68 154 252 218
70 126 214 266
72 210 172 258
66 206 160 298
78 194 158 266
76 194 150 282
92 202 172 226
86 234 132 306
46 226 192 338
50 178 178 378
44 198 200 354
50 250 174 330
60 238 158 298
72 186 150 314
70 198 154 282
76 174 154 306
48 262 190 314
80 214 136 298
68 186 158 314
72 202 128 322
80 194 154 266
78 178 150 298
52 222 158 330
56 234 172 290
98 270 134 266
92 262 140 258
102 282 144 210
98 246 152 234
90 262 174 194
90 246 164 218
98 258 140 242
96 282 140 234
92 278 160 226
82 270 140 258
94 278 142 242
96 250 180 202
90 286 156 226
92 266 142 250
84 238 158 242
78 242 150 266
90 238 158 234
78 202 164 258
68 218 144 290
78 222 172 234
78 246 138 298
80 250 136 290
76 234 138 306
64 218 160 282
68 210 158 298
62 206 166 290
72 214 148 274
74 230 140 282
70 214 142 298
66 222 140 314
84 250 144 234
84 222 150 258
82 222 168 242
86 230 170 226
88 246 162 234
82 222 168 242
86 226 148 250
80 230 164 242
82 210 150 266
74 226 178 242
72 230 174 218
70 242 168 258
84 218 154 258
80 226 140 266
74 222 192 226
78 218 180 226
58 202 148 338
70 194 140 322
72 194 134 338
62 198 152 330
68 194 144 346
60 186 158 338
62 202 150 330
70 218 136 338
60 210 134 346
62 190 158 314
60 194 138 370
70 198 148 306
92 234 142 258
74 186 166 282
72 226 142 282
68 198 150 330
66 230 144 290
78 190 166 266
62 178 134 402
76 214 136 314
72 198 138 330
66 190 128 410
54 166 158 378
64 182 154 330
52 198 162 378
60 186 138 394
62 194 154 330
70 190 146 346
102 250 140 258
96 230 144 250
100 238 162 210
110 246 166 202
100 250 144 226
98 262 158 226
102 246 174 202
106 250 128 266
122 258 150 210
120 266 140 226
106 226 146 234
114 246 188 194
106 246 140 258
76 222 154 266
88 218 136 274
82 242 136 266
88 266 182 210
84 214 144 274
80 274 166 226
96 234 152 242
96 222 176 210
96 214 158 242
78 270 160 234
100 238 148 242
90 234 120 314
76 186 144 322
66 198 134 346
120 242 176 194
110 234 172 202
98 214 202 186
62 98 310 298
54 106 312 330
58 90 314 330
50 106 322 362
46 110 320 362
50 110 298 386
46 114 296 386
52 118 330 290
50 102 332 354
46 106 330 354
54 102 340 322
54 102 338 338
44 134 324 322
48 118 326 322
46 114 322 354
42 126 296 362
46 122 298 362
52 114 310 306
46 118 346 346
46 102 328 386
46 106 318 394
52 98 310 370
46 110 294 418
62 98 262 338
50 106 290 418
42 134 262 394
50 102 288 450
50 110 276 394
46 114 350 346
48 114 360 338
50 110 352 346
42 130 318 346
46 118 312 362
38 154 318 370
46 134 310 314
50 118 312 314
42 130 286 370
40 162 258 402
46 130 320 306
50 114 322 306
46 138 348 298
46 122 330 338
48 126 336 290
48 114 320 354
38 150 328 362
42 142 344 322
42 162 238 402
40 154 298 370
50 114 318 346
56 114 372 274
38 162 302 362
46 146 300 298
42 150 316 314
52 114 286 314
62 102 280 290
64 98 296 306
54 138 260 258
54 118 290 282
48 126 260 322
58 114 254 298
52 102 292 346
54 110 282 322
58 94 284 322
54 114 284 314
52 122 294 298
48 126 292 298
54 126 300 250
48 134 280 314
58 102 304 314
60 174 296 194
54 178 270 210
56 174 328 194
58 106 278 314
62 106 274 282
80 82 264 298
76 94 238 306
76 74 268 330
68 110 252 274
86 82 296 290
80 86 258 290
40 170 252 362
40 170 248 394
44 130 258 418
48 114 246 426
46 114 276 418
42 134 242 426
54 102 254 402
60 94 244 418
48 110 274 434
58 106 276 330
68 94 270 306
54 118 250 338
64 86 274 338
52 102 290 362
44 146 262 330
48 114 290 402
62 106 264 306
52 122 262 314
62 110 256 290
44 146 294 306
42 146 314 330
46 142 258 314
50 118 290 338
56 110 282 314
68 98 264 298
60 150 272 218
68 166 274 194
40 182 268 330
44 122 274 410
60 110 268 282
58 110 254 314
70 110 304 234
58 122 278 242
56 114 258 282
68 146 272 202
62 118 288 242
64 114 328 226
60 106 302 290
76 138 308 186
68 150 326 178
72 122 306 194
54 138 322 202
60 130 280 226
66 142 356 186
62 130 330 202
68 122 288 226
58 154 272 202
68 142 284 202
78 126 292 186
60 142 308 194
70 130 320 194
66 134 266 218
68 118 274 242
60 118 296 218
70 106 308 218
58 150 290 218
52 142 312 226
62 134 326 210
58 150 316 210
62 122 286 234
50 146 302 234
62 146 286 210
68 138 244 234
64 134 260 234
54 126 330 234
78 94 318 242
58 130 322 226
52 126 316 266
86 170 218 202
92 178 200 202
76 102 296 218
84 90 306 242
94 90 342 234
66 106 224 298
66 142 210 266
56 134 220 274
48 138 244 306
74 114 216 282
68 126 246 242
66 98 282 282
58 110 276 258
64 114 308 234
62 110 324 250
56 130 324 226
52 134 302 242
56 146 252 242
60 114 266 274
50 142 262 250
48 138 282 274
50 142 304 242
56 138 314 218
78 90 194 410
74 98 188 394
74 94 192 418
74 114 180 386
76 110 172 386
94 74 208 362
86 74 238 354
92 66 270 378
88 70 244 378
90 70 234 346
78 98 178 386
88 98 162 418
78 94 182 410
74 102 192 378
82 94 180 370
92 94 164 402
82 90 184 394
72 102 196 370
80 102 190 346
98 70 274 338
98 114 144 426
100 106 158 402
100 110 146 402
94 106 154 442
104 106 148 386
108 102 154 402
82 114 156 418
78 102 214 306
132 62 178 458
112 62 198 466
96 86 162 458
106 102 156 402
114 94 140 442
94 90 164 418
94 102 160 410
108 82 146 482
118 102 132 522
90 98 158 434
88 90 166 450
114 70 162 514
86 62 256 482
80 70 248 442
88 62 232 490
112 70 168 450
102 86 166 402
118 66 172 442
86 70 232 434
92 70 188 458
82 86 186 410
98 66 192 450
84 70 206 442
64 90 252 434
70 78 244 410
90 62 268 426
92 62 232 458
72 86 220 426
116 94 154 402
110 82 170 402
106 102 158 378
100 94 152 458
110 74 148 458
90 74 168 466
66 86 250 410
68 82 258 394
66 86 256 370
72 90 224 386
114 98 156 362
120 98 148 394
116 70 174 402
118 90 160 378
110 86 190 346
78 86 196 418
90 74 190 418
80 90 188 370
96 70 194 410
82 74 208 402
80 74 248 394
104 106 160 338
110 74 170 410
100 90 168 362
116 98 152 394
120 94 150 410
108 78 150 418
104 118 158 330
106 114 150 346
112 114 142 378
110 106 154 362
88 78 170 426
78 98 174 426
84 106 180 346
70 114 176 410
112 62 186 474
84 62 292 466
96 58 268 426
96 62 220 450
78 66 280 442
80 66 274 434
88 58 296 426
90 58 260 458
96 58 258 482
90 66 234 418
84 66 252 418
104 62 212 458
92 62 248 426
82 66 212 442
72 86 216 442
114 78 148 442
112 114 148 370
118 114 140 402
94 78 168 450
70 90 218 466
70 86 234 426
64 86 256 442
116 62 200 442
110 70 192 402
128 70 166 450
120 66 196 418
102 62 218 474
90 70 212 410
100 66 216 426
90 70 196 442
126 110 144 410
128 106 136 426
92 102 156 450
86 90 162 458
80 82 194 458
86 78 176 450
74 94 190 434
80 78 198 466
106 58 226 450
92 66 192 466
102 66 214 434
104 74 180 410
106 78 156 442
112 66 172 458
112 90 160 410
108 98 156 394
114 98 148 426
112 58 246 442
98 62 240 426
96 66 242 386
90 66 260 386
110 62 226 434
100 62 264 402
84 74 200 418
74 90 206 370
72 82 250 386
76 74 226 402
92 66 210 458
76 90 202 402
78 74 222 434
70 102 200 394
88 66 270 386
98 58 254 450
92 62 292 402
84 90 178 434
78 90 182 450
76 82 190 466
104 102 152 442
92 102 156 450
114 90 146 434
116 86 138 450
106 90 160 434
104 70 174 426
112 86 142 498
102 78 152 450
94 86 160 522
94 70 182 522
96 90 160 458
92 62 206 482
88 70 196 466
92 86 162 506
82 78 172 458
80 82 198 450
80 94 178 458
74 86 192 426
86 62 266 474
78 70 228 482
76 102 172 474
70 94 186 442
74 94 180 490
80 78 210 442
80 86 190 450
66 102 200 482
128 102 138 442
126 106 146 426
106 98 146 442
80 94 172 466
78 106 156 442
66 122 170 426
72 110 174 450
110 102 138 482
98 98 154 418
106 90 142 450
98 106 136 434
38 170 306 330
36 170 332 354
36 190 306 330
36 190 312 314
36 182 340 330
72 78 306 322
70 90 276 314
74 66 372 434
108 54 322 418
94 62 308 394
108 54 326 410
106 58 338 354
104 58 348 370
104 62 320 362
112 62 318 338
110 62 324 354
108 58 282 410
100 58 320 394
96 70 344 322
100 58 324 386
112 66 362 322
108 58 330 338
110 66 382 330
110 58 310 362
104 62 298 370
108 58 308 370
104 70 332 306
114 66 320 330
120 66 350 306
104 62 282 386
110 70 288 322
116 66 274 346
112 62 308 362
82 86 292 274
80 82 254 306
82 90 250 298
80 74 272 322
78 70 286 354
82 70 244 386
88 66 280 378
80 78 234 338
82 94 212 314
76 86 244 338
84 86 254 290
84 78 272 306
90 94 214 306
84 82 234 322
88 102 240 258
100 70 228 370
78 74 250 362
82 114 188 314
92 70 232 402
102 62 238 418
102 70 220 402
108 66 228 410
96 66 236 402
72 78 244 402
74 74 256 378
76 86 252 314
74 90 240 338
70 94 238 330
60 90 260 378
70 78 256 362
72 90 248 330
68 78 260 354
72 90 250 306
62 86 272 354
66 90 268 354
72 82 264 346
82 74 264 338
70 74 272 330
80 82 306 290
68 90 258 346
66 98 242 338
74 82 256 346
66 90 272 338
60 98 322 298
64 90 314 306
58 90 306 346
74 94 278 266
72 78 310 298
82 86 344 258
72 82 268 322
92 70 294 338
80 74 324 306
80 70 302 330
70 86 280 322
56 94 294 370
72 86 252 354
82 74 256 354
70 82 298 322
70 86 256 346
90 66 276 370
78 66 284 362
86 66 282 394
78 90 252 290
68 86 298 314
82 86 254 298
72 82 284 314
76 74 274 314
64 82 296 346
62 90 294 346
44 154 234 378
66 86 324 322
64 90 308 330
52 98 330 362
82 90 316 266
84 86 302 266
74 86 322 282
80 86 318 274
78 78 312 282
86 82 310 282
70 90 336 282
66 86 334 314
74 74 320 314
76 90 288 282
88 62 312 378
88 66 322 338
86 66 314 346
80 66 328 354
86 66 280 402
78 82 270 306
76 86 282 306
72 70 312 354
78 70 290 346
74 70 292 378
40 146 338 330
40 154 300 354
40 134 294 410
40 150 306 346
48 114 338 346
40 142 328 354
38 158 294 394
40 158 268 370
94 66 256 410
84 62 296 402
76 70 272 386
84 62 328 394
104 242 204 178
100 242 190 194
98 222 192 194
100 254 198 186
106 242 172 202
58 138 210 298
60 134 208 290
54 138 252 266
56 138 254 250
58 130 240 266
56 134 250 258
66 142 244 234
58 134 252 242
60 138 240 250
70 106 274 258
76 94 260 290
74 106 246 274
56 130 192 362
56 126 194 378
54 130 206 338
56 126 204 330
60 126 220 290
56 122 214 322
56 114 236 338
64 102 214 370
56 118 216 338
64 98 234 346
56 110 238 354
62 106 226 330
64 102 224 322
62 110 246 314
64 94 246 338
66 90 258 362
62 118 224 306
54 126 248 282
66 94 272 322
70 98 242 314
62 106 266 290
56 138 276 242
54 118 262 322
58 106 276 330
62 98 250 362
62 106 262 322
62 102 230 362
62 94 252 378
58 110 252 338
56 118 246 306
66 98 250 322
60 110 262 306
56 110 268 322
66 90 272 338
64 90 268 370
58 102 282 338
52 142 212 362
48 142 266 290
50 146 254 298
56 126 190 386
52 126 222 346
52 126 222 346
58 106 206 394
54 118 200 394
50 126 226 386
48 130 230 354
50 134 218 362
54 110 232 402
50 122 228 378
52 114 242 394
56 122 192 402
66 90 230 394
52 122 224 362
54 118 232 346
60 106 232 346
50 130 256 306
50 142 216 394
56 106 242 386
58 102 208 410
54 114 202 410
48 126 232 370
50 130 220 378
52 118 236 354
60 106 232 346
50 130 256 306
60 98 246 386
56 102 246 410
52 114 240 410
48 118 256 362
44 134 238 378
52 122 234 354
56 106 256 362
52 114 246 386
52 122 254 330
46 126 260 354
50 126 242 354
58 102 254 378
58 98 230 442
54 114 268 346
54 106 234 418
52 110 244 410
54 110 246 394
54 114 268 346
42 146 304 346
60 114 222 346
52 134 220 338
64 142 256 234
58 150 192 314
64 146 192 290
64 150 224 250
58 122 200 338
68 122 214 290
64 106 254 298
78 90 246 306
76 86 290 298
52 126 250 322
56 118 232 314
54 118 270 314
54 126 264 258
56 130 252 266
60 110 228 338
64 102 254 306
64 118 222 298
54 122 242 306
56 122 244 290
66 122 258 242
76 102 232 290
68 102 242 298
68 110 256 266
52 122 280 306
58 130 276 242
64 106 298 274
50 134 272 298
52 130 274 250
54 134 262 258
70 90 248 346
64 126 240 266
66 106 300 258
58 122 264 266
54 130 262 266
62 130 268 242
66 134 236 250
60 134 204 306
66 134 236 250
58 146 184 354
62 146 182 306
62 142 190 314
50 130 236 346
60 118 202 338
60 110 224 354
58 122 222 306
64 118 230 290
62 114 206 354
64 118 230 290
68 98 226 354
62 110 240 322
58 118 228 322
58 122 232 282
56 118 208 346
58 122 232 282
54 126 240 290
64 122 178 386
62 110 224 346
62 118 232 290
62 118 232 290
60 110 204 370
62 114 250 290
60 118 212 314
58 126 230 290
56 126 242 274
66 118 220 282
58 126 244 258
60 130 232 266
62 126 214 290
56 122 206 354
54 122 218 338
62 114 250 290
58 126 230 290
56 126 242 274
66 118 220 282
58 126 244 258
60 130 232 266
56 114 244 314
62 122 252 258
64 126 240 266
56 150 216 290
68 150 232 226
54 142 254 250
68 150 232 226
54 142 254 250
48 146 236 322
58 134 272 234
62 138 284 218
60 146 292 210
72 118 264 242
70 142 278 202
70 130 266 218
60 158 248 234
56 138 282 226
66 146 276 202
72 134 254 226
58 134 272 234
72 118 264 242
70 142 278 202
58 142 278 226
70 130 266 218
60 146 292 210
60 158 248 234
56 138 282 226
66 146 276 202
72 134 254 226
68 134 290 210
56 142 182 370
54 134 204 354
58 130 186 322
56 138 206 306
56 126 218 298
64 134 202 282
56 130 216 306
54 130 228 290
56 130 230 274
58 134 218 282
52 142 214 330
52 142 214 330
54 134 192 378
46 150 220 386
48 146 222 338
50 150 210 346
52 130 206 370
52 130 226 322
52 130 226 322
54 122 204 370
46 138 232 378
48 134 234 330
50 138 222 338
54 142 220 298
58 114 200 394
52 134 224 330
52 134 224 330
48 150 204 370
54 126 202 378
46 142 230 386
48 138 232 338
52 126 214 362
44 142 242 370
46 138 244 322
48 142 232 330
60 118 196 394
54 126 216 346
56 150 200 322
58 146 240 250
60 150 228 258
58 146 214 274
58 146 240 250
60 150 228 258
64 114 224 306
72 106 226 282
62 114 226 298
70 122 210 282
66 106 222 322
62 118 224 306
60 118 236 290
64 122 202 298
62 118 238 274
64 122 226 282
70 102 202 346
66 122 220 274
66 122 220 274
72 102 204 322
68 114 198 322
66 110 198 330
58 138 210 298
60 122 208 306
66 110 208 306
56 134 232 266
58 122 212 314
66 110 208 306
56 134 232 266
64 114 196 330
56 138 200 330
70 106 216 306
62 114 216 314
64 118 204 322
66 114 228 290
64 118 190 362
58 126 210 314
66 126 200 322
54 126 226 322
58 126 230 290
54 130 224 330
50 134 228 346
54 138 226 290
54 142 238 266
54 134 204 354
56 142 180 402
62 126 196 338
54 138 202 362
52 138 214 346
54 138 216 330
56 134 270 250
54 130 200 378
58 122 182 370
64 122 190 338
62 122 194 362
56 130 214 314
74 86 224 346
66 98 248 330
62 102 228 370
62 106 220 370
68 94 240 338
66 98 202 362
72 98 210 330
64 106 234 306
70 90 244 354
64 102 250 314
66 94 224 394
72 142 246 226
60 150 238 242
72 142 246 226
62 154 226 250
68 110 246 290
76 102 216 314
68 118 194 322
68 134 182 314
62 130 210 290
70 138 194 274
76 114 202 298
62 134 222 266
64 138 210 274
66 126 178 362
66 138 200 298
68 126 200 314
60 130 214 274
56 146 206 298
60 142 234 250
70 134 212 258
66 130 208 282
70 126 214 266
62 134 238 242
68 138 206 274
64 138 226 250
74 126 200 282
70 122 196 306
66 126 226 266
72 130 194 298
70 118 236 258
76 126 240 226
62 130 258 250
80 126 208 266
84 114 218 266
66 106 254 290
78 94 212 338
70 106 190 354
68 114 222 298
74 102 228 306
60 126 188 346
78 94 222 314
76 98 194 354
78 94 222 314
82 90 230 314
68 126 192 322
68 130 198 306
70 106 200 330
70 118 208 298
62 126 232 274
76 114 206 290
72 102 238 306
76 106 208 298
68 114 232 274
70 134 262 226
70 142 250 226
66 130 174 362
68 126 192 322
74 106 186 346
74 110 182 354
72 114 202 306
68 110 188 354
68 114 182 386
76 114 206 290
72 102 238 306
76 106 208 298
68 114 232 274
70 134 262 226
70 142 250 226
80 102 216 298
74 110 196 322
72 110 240 274
68 110 248 282
68 130 196 314
62 142 204 282
62 158 198 274
74 110 282 226
72 118 276 226
70 122 286 218
70 118 236 258
82 102 250 266
80 218 358 122
84 222 282 146
104 198 244 154
92 194 278 138
104 198 232 162
114 206 208 178
106 186 214 178
116 194 190 194
118 178 286 138
86 202 336 114
92 174 290 138
100 202 230 162
124 186 284 138
116 174 260 154
122 186 230 162
98 194 220 178
68 170 304 178
112 158 246 170
114 162 234 178
106 138 294 162
86 98 288 234
100 70 310 314
102 70 334 306
98 74 294 306
96 74 332 290
88 74 306 306
88 78 366 258
94 78 348 266
92 90 366 218
90 82 308 266
88 82 346 250
84 118 344 186
78 130 320 170
82 134 282 178
40 210 248 290
44 194 232 290
36 206 270 354
36 206 242 378
36 218 242 330
38 214 220 394
38 226 220 346
38 202 242 394
38 214 242 346
38 194 250 394
36 214 238 402
38 206 250 346
42 198 226 338
40 226 212 346
44 238 210 346
44 226 190 426
40 214 212 394
44 210 198 394
40 198 242 346
42 206 210 378
44 182 226 346
118 202 94 418
108 202 96 410
106 218 96 442
100 166 104 402
98 130 126 394
98 138 124 370
106 222 92 410
102 218 102 394
112 194 100 386
102 234 102 370
108 206 106 362
104 238 100 394
108 214 92 434
96 230 94 458
118 214 94 402
120 174 102 458
92 150 124 346
84 146 110 362
84 138 130 378
92 154 130 330
78 150 138 330
84 118 142 402
88 114 144 434
88 110 154 394
72 134 138 402
90 122 128 394
86 130 120 418
82 126 148 354
76 130 138 394
92 114 148 386
86 110 156 394
80 122 130 386
86 122 132 370
74 138 142 378
68 134 150 434
74 130 142 450
80 134 114 410
90 174 106 370
82 178 98 402
86 138 118 394
88 158 116 346
92 146 126 346
86 114 154 362
80 138 132 346
80 130 152 362
80 138 154 330
76 134 156 330
84 126 146 362
86 134 128 370
72 150 140 362
72 170 112 394
70 142 140 394
68 158 128 394
78 134 134 378
78 134 124 402
76 150 122 378
86 134 126 386
74 150 128 410
78 110 166 402
76 182 148 314
80 190 122 338
74 190 130 346
78 174 116 354
82 170 126 338
78 166 128 338
84 170 118 338
76 174 110 370
76 154 118 418
70 174 134 354
68 182 116 386
72 178 116 378
70 178 120 434
80 182 126 330
76 182 118 354
74 182 134 338
76 138 136 370
94 154 122 346
86 150 108 362
82 122 144 378
80 142 112 386
84 154 142 322
76 138 144 354
76 154 138 330
78 142 124 354
76 122 142 394
86 154 130 338
78 114 170 386
70 150 130 370
78 150 106 378
80 130 136 370
72 142 138 386
70 166 128 386
90 170 104 402
88 138 120 378
82 154 114 370
66 154 148 386
70 158 124 402
82 170 118 346
78 166 120 346
66 170 150 346
72 134 136 410
