1175
30 182 330 354
98 50 358 402
122 242 70 450
116 254 334 82
102 50 330 426
104 258 316 90
116 222 76 466
128 226 76 450
118 234 74 466
30 174 316 378
124 226 82 410
122 206 82 466
120 238 322 98
104 258 300 98
120 222 88 442
106 234 90 466
32 170 290 362
104 254 258 138
96 254 310 106
118 254 282 106
84 86 300 314
112 198 108 402
128 222 88 434
124 186 88 458
42 134 284 394
34 162 280 370
90 250 286 146
94 214 98 458
126 218 86 442
112 190 96 458
70 86 344 354
128 242 86 370
110 246 312 90
106 262 228 154
98 54 250 434
54 134 252 370
100 234 346 98
74 98 290 314
44 138 254 402
54 198 256 290
104 246 96 466
108 218 82 458
110 218 92 418
90 254 272 138
108 234 306 106
106 230 310 106
114 230 98 378
116 234 84 434
88 202 116 418
90 206 114 450
90 218 104 410
98 226 254 170
106 202 102 442
114 174 112 426
90 82 304 314
108 170 118 450
118 162 108 434
100 206 98 410
74 110 270 370
130 210 124 322
42 126 326 410
70 150 276 298
40 166 252 386
34 166 270 370
40 170 260 354
40 178 242 362
62 134 362 290
110 166 106 458
44 194 306 266
132 178 96 482
34 174 310 330
34 158 294 354
116 182 116 394
106 194 300 130
76 90 328 314
46 150 316 298
34 154 314 362
118 242 316 98
36 166 278 338
40 174 270 338
84 250 228 234
98 262 206 218
92 262 224 210
56 138 346 330
120 238 108 330
116 206 90 410
106 170 124 434
106 158 120 482
80 106 264 306
98 230 226 202
100 58 258 394
38 146 292 370
42 146 270 370
54 110 338 410
46 126 324 418
56 150 276 322
74 106 340 282
104 226 274 114
92 210 294 146
100 174 270 186
68 86 320 394
74 82 354 338
60 114 368 306
74 78 310 394
88 182 374 146
110 198 336 114
108 214 304 122
112 218 300 114
46 170 212 362
42 170 244 314
102 222 286 122
108 222 318 106
66 174 324 242
90 182 294 178
90 174 314 146
120 230 90 378
122 90 204 434
96 82 220 402
46 154 268 346
40 174 250 354
38 182 280 298
38 158 336 346
40 146 346 346
58 182 218 306
54 154 238 362
60 118 268 370
56 122 266 378
98 206 290 146
102 198 100 458
36 154 284 378
38 170 268 362
54 158 268 282
80 98 286 314
104 242 292 106
90 210 118 362
82 206 132 426
88 222 108 434
84 226 122 402
94 230 100 386
88 226 114 386
36 154 292 354
112 218 114 378
100 254 248 154
100 186 110 394
94 218 108 402
98 186 106 418
100 194 120 378
100 178 110 410
128 226 96 378
60 210 322 226
90 234 238 210
88 74 246 378
88 94 266 338
88 186 274 242
78 234 266 154
96 234 240 186
88 242 254 162
96 238 256 162
44 166 256 330
76 214 286 178
92 194 112 410
110 178 98 490
68 158 194 362
96 206 128 330
46 154 274 306
50 170 318 282
118 198 98 394
122 198 240 194
40 142 334 354
56 118 232 426
114 218 224 218
80 94 290 290
92 58 296 346
88 70 254 362
58 138 258 314
110 170 172 322
102 242 164 290
92 230 266 154
54 194 282 258
70 74 296 410
110 202 248 186
48 126 352 346
44 154 332 298
42 150 356 314
54 158 244 330
56 182 242 274
106 170 162 362
96 162 164 362
96 174 312 154
48 142 314 330
70 234 320 162
88 210 124 410
124 206 120 338
98 178 272 202
116 210 214 226
52 170 264 306
56 190 228 298
90 198 128 402
86 186 128 442
86 206 168 330
82 94 240 378
86 98 234 370
88 102 254 330
100 82 210 410
106 114 196 346
106 86 220 378
106 102 244 314
98 74 252 346
100 102 214 346
108 198 130 354
100 198 134 338
84 90 298 282
96 230 232 194
86 246 256 162
90 238 234 210
74 154 232 322
66 154 220 346
84 74 288 346
76 78 286 346
36 182 244 410
44 174 214 394
112 174 98 458
94 190 114 442
112 230 116 346
60 214 274 242
126 230 88 402
130 230 100 346
116 250 100 354
42 158 254 338
46 150 260 378
128 230 128 298
132 194 126 322
128 234 104 298
98 230 252 154
88 74 266 346
88 54 302 346
54 118 252 402
106 234 260 138
92 102 286 298
92 130 286 274
46 150 308 330
48 138 254 386
36 150 270 394
54 126 238 386
66 134 344 282
38 190 278 322
44 166 276 322
98 158 154 418
102 190 268 178
36 182 266 370
92 206 278 154
42 170 296 306
94 182 140 370
52 138 252 378
60 138 234 362
60 146 332 282
104 66 236 402
68 98 286 354
86 238 338 122
78 222 368 130
70 162 248 298
94 218 294 138
48 146 248 354
88 186 344 146
112 110 236 314
42 146 308 346
54 102 270 458
46 206 344 258
98 190 300 146
48 150 240 370
76 62 318 386
94 114 294 266
66 158 236 306
48 158 342 282
96 206 246 202
106 182 130 362
110 210 96 418
40 198 242 338
34 178 280 362
118 146 120 418
66 114 282 370
112 222 118 338
110 150 126 450
110 182 102 434
90 170 142 490
84 190 140 442
38 162 272 338
66 126 280 346
104 218 120 338
92 62 228 434
94 62 250 402
94 54 278 410
80 238 126 474
86 210 114 426
88 174 158 394
108 250 358 90
70 78 352 386
72 66 318 378
70 82 308 370
88 202 176 322
62 142 294 290
86 194 304 138
96 178 118 458
100 278 234 170
56 130 316 338
70 86 306 362
96 166 140 402
120 242 264 130
108 170 100 474
112 158 112 466
102 170 124 466
104 162 124 458
84 242 264 162
62 170 308 266
52 150 296 306
58 150 298 298
46 162 288 298
110 138 150 522
42 206 242 322
36 190 262 330
114 246 86 402
66 98 302 370
118 202 290 138
116 166 114 442
64 118 242 418
52 130 236 394
60 150 208 402
104 258 256 146
112 242 254 146
48 174 294 258
94 218 254 186
114 218 240 178
106 234 92 450
96 194 254 186
40 138 286 410
38 170 316 306
100 242 232 186
54 198 282 250
92 258 240 170
56 162 366 250
100 238 214 194
116 250 222 162
94 270 242 162
98 250 228 178
96 202 108 402
80 214 152 418
86 202 126 386
100 198 116 386
120 178 120 378
38 158 260 394
78 230 302 162
74 98 306 290
70 102 276 306
80 230 144 434
96 198 312 122
82 90 310 298
112 262 86 402
48 138 376 330
98 170 118 482
96 178 102 506
98 182 116 474
98 162 254 226
90 162 278 218
100 178 252 202
108 158 258 218
108 178 278 162
98 178 278 170
96 178 280 154
84 194 160 362
82 202 152 386
96 238 236 186
86 206 268 186
96 218 236 210
106 222 230 178
100 250 240 162
100 206 122 362
102 178 122 378
62 106 304 410
50 142 326 298
52 134 352 330
54 150 294 314
58 130 298 314
98 142 144 434
116 126 154 442
110 162 126 402
102 174 120 402
104 146 132 410
94 150 142 442
76 86 250 410
78 66 256 418
76 74 282 394
74 86 292 322
78 70 254 402
86 162 184 394
50 142 222 394
54 138 244 378
108 206 218 250
100 206 228 266
54 122 292 370
60 150 220 378
82 182 304 178
88 190 254 194
74 226 274 234
76 210 298 226
120 222 244 154
128 234 218 178
128 202 264 154
66 126 330 298
66 142 336 282
80 174 352 186
86 122 208 426
96 258 238 178
86 258 224 242
98 178 158 370
88 166 166 410
48 166 330 242
48 146 354 290
50 146 320 314
80 222 156 394
106 174 198 298
112 230 188 266
102 90 210 370
100 106 190 410
88 178 214 290
100 178 210 298
100 226 124 314
44 198 228 322
80 90 348 274
50 186 260 290
48 166 258 322
110 214 210 226
96 178 258 242
58 150 306 290
106 178 148 362
36 170 252 426
40 190 238 410
110 174 294 178
108 162 284 194
88 178 162 386
82 198 178 370
98 166 154 378
60 174 252 298
58 194 250 266
110 194 224 250
94 86 236 338
90 94 230 370
64 106 298 338
62 122 310 338
64 98 304 362
100 118 192 370
110 130 188 338
104 134 176 314
110 118 182 346
94 130 214 370
54 126 350 306
60 122 392 298
56 126 352 298
78 90 270 322
102 218 252 186
98 190 236 226
110 186 264 162
70 114 254 338
46 142 358 314
44 146 346 330
114 226 236 146
96 198 262 178
112 254 102 354
108 246 112 338
46 130 296 386
96 194 170 306
100 198 168 306
70 174 356 226
110 162 150 378
52 130 268 362
62 134 258 330
98 206 236 194
92 218 230 250
82 178 302 202
102 234 224 194
62 178 234 250
52 202 242 290
52 198 262 258
50 174 234 314
80 210 160 402
74 134 268 314
80 158 280 274
74 142 256 330
58 118 348 354
120 210 120 330
122 218 106 338
110 226 104 354
120 246 138 298
86 250 308 130
110 250 106 330
80 206 278 186
86 182 288 186
102 230 206 226
110 158 160 362
82 186 152 410
82 198 142 394
116 174 102 418
110 154 132 402
110 154 130 434
122 158 118 426
86 158 172 402
92 166 174 354
96 174 140 378
82 190 182 346
108 142 256 282
114 118 236 274
102 138 206 338
72 150 208 338
98 162 280 202
100 158 310 218
90 166 298 194
104 222 224 210
86 218 296 138
84 98 252 338
74 138 246 338
116 210 246 178
114 194 272 154
68 106 274 354
64 114 290 330
74 106 262 402
96 210 240 242
78 182 302 218
76 186 356 154
80 162 394 178
48 122 264 394
56 126 238 354
98 226 236 178
96 222 266 154
100 130 202 346
98 118 216 338
92 114 236 322
94 114 216 362
96 122 184 370
62 110 308 346
64 94 312 322
134 218 98 378
104 234 170 282
86 214 206 282
92 238 186 258
94 202 186 290
74 114 246 370
76 102 218 378
76 186 324 170
38 150 270 362
40 130 254 426
44 202 212 402
40 222 238 370
114 166 130 394
112 158 146 362
42 194 262 290
72 222 280 202
118 194 178 298
108 162 168 354
80 210 264 210
112 194 246 194
68 158 226 338
96 258 212 210
108 170 204 306
44 158 302 314
46 162 264 322
118 250 194 202
100 262 184 226
100 242 206 234
96 246 222 210
86 234 294 138
78 66 272 386
92 62 280 314
88 54 304 338
78 58 290 378
76 70 332 354
78 62 318 346
110 162 132 386
90 146 200 362
78 218 264 194
124 198 214 242
86 186 136 410
96 206 114 386
88 198 138 346
88 190 142 370
102 150 264 250
130 202 194 274
120 138 158 402
76 170 270 258
90 110 226 346
88 90 232 362
80 146 280 282
58 170 262 274
44 150 312 306
52 154 298 274
50 142 328 290
98 106 216 370
84 110 232 346
84 110 224 362
78 94 262 362
72 90 284 330
72 102 300 290
104 246 178 266
112 250 176 274
86 174 154 426
86 174 164 418
92 198 128 370
84 166 328 194
82 174 334 194
94 162 158 394
96 166 314 162
94 170 264 218
92 82 230 346
98 94 260 306
102 94 262 282
106 82 270 314
90 90 240 330
42 150 284 338
92 126 292 274
82 94 268 306
76 110 300 266
84 110 288 282
82 198 276 202
96 210 260 162
96 186 140 314
94 210 122 346
90 186 134 346
94 230 146 322
90 214 148 306
86 170 280 210
86 198 270 194
84 182 294 186
100 218 274 130
108 206 258 146
98 210 288 130
98 222 272 138
108 222 276 122
78 186 302 170
80 202 294 194
78 190 314 146
114 138 154 442
106 106 226 338
94 98 224 354
94 242 178 290
98 170 138 402
90 194 184 306
92 194 166 330
68 94 276 370
92 170 148 458
56 150 264 330
50 150 304 306
88 186 306 162
96 198 272 154
58 114 268 402
60 110 302 418
48 194 270 274
86 202 134 354
90 214 124 346
100 222 108 354
92 218 116 354
84 74 268 370
90 78 246 370
78 78 236 434
66 90 298 426
72 194 396 194
92 182 274 218
126 218 242 162
62 158 242 330
82 214 144 378
82 230 150 370
90 206 120 378
78 234 132 402
84 206 128 378
108 138 148 538
108 126 182 498
114 118 170 514
98 206 230 210
82 194 148 442
84 202 150 386
94 202 132 338
92 178 136 402
86 214 214 258
84 230 246 242
86 242 232 194
74 174 326 202
78 162 376 226
74 178 380 194
42 162 316 290
90 178 150 458
76 202 162 418
84 178 152 418
78 202 156 434
68 246 306 146
70 226 324 194
68 210 328 170
74 226 314 194
76 110 240 290
84 114 286 282
76 130 232 346
74 142 244 346
84 130 224 338
86 118 218 322
74 102 254 450
66 110 262 386
110 206 274 138
108 194 264 178
94 230 266 122
80 206 256 226
84 134 224 330
58 206 234 282
62 210 212 314
52 210 232 298
90 70 240 418
98 198 264 170
92 186 274 186
68 174 284 266
94 222 298 130
82 218 272 186
76 234 232 234
76 226 264 218
98 150 186 362
94 162 184 362
96 190 334 122
94 190 304 146
96 202 294 138
106 186 306 130
84 186 280 186
112 174 258 210
102 174 250 242
88 194 244 242
112 194 214 258
114 230 200 226
116 194 230 202
112 190 202 282
92 202 340 130
86 190 278 170
82 198 302 138
82 190 280 154
84 170 234 290
40 178 246 298
50 182 232 306
46 170 224 330
132 198 160 306
98 170 196 330
68 186 308 226
68 234 300 226
52 134 260 362
120 158 112 458
100 174 114 458
112 194 90 426
102 226 208 242
84 238 230 242
98 242 204 242
96 222 212 234
86 226 228 242
96 198 248 210
92 218 242 210
84 190 262 210
54 114 308 386
42 122 306 450
68 194 250 242
48 118 338 370
54 122 352 354
42 138 352 362
100 194 272 170
110 182 300 138
84 198 184 298
88 190 192 330
120 170 124 394
122 222 222 178
114 210 248 154
98 238 250 170
98 250 240 170
104 234 232 186
84 266 214 234
80 266 216 250
80 102 260 322
54 170 218 338
96 254 216 210
112 254 90 386
96 226 232 210
80 102 266 306
118 190 110 370
124 190 102 378
118 190 112 346
116 194 122 370
110 174 122 394
102 166 124 474
110 186 98 418
106 198 98 450
36 178 290 306
46 146 310 330
80 182 166 378
104 194 202 266
84 170 296 178
94 166 300 170
92 166 296 194
120 142 152 402
122 210 134 314
130 214 130 298
108 182 366 122
92 222 228 218
90 210 246 202
94 206 248 218
92 182 144 378
100 174 150 330
96 194 132 354
66 134 318 306
94 142 278 266
48 126 310 386
104 198 258 162
120 190 278 146
114 178 252 170
56 146 210 394
92 182 278 210
108 170 154 362
124 166 138 338
110 166 116 402
106 214 122 330
100 186 128 378
48 194 240 322
34 174 306 346
68 210 322 210
78 70 294 322
76 98 264 354
76 102 266 346
64 182 282 242
48 182 284 234
62 210 266 242
68 150 272 306
120 186 226 210
110 166 240 282
70 214 168 442
74 186 158 450
76 218 158 370
74 210 176 410
92 78 214 410
102 70 214 402
44 174 290 290
108 214 242 186
52 194 278 266
100 62 244 402
46 162 250 338
44 162 228 378
96 98 266 322
90 78 270 322
90 106 256 322
82 82 244 346
114 254 84 434
96 186 250 218
94 218 268 154
102 230 184 274
104 162 138 402
92 182 118 386
96 194 116 394
108 150 164 362
114 146 134 386
96 150 334 202
82 214 262 218
88 214 240 242
36 178 270 346
44 194 242 322
62 222 206 314
50 214 208 282
58 226 240 258
76 146 186 394
68 118 296 242
78 110 298 266
70 126 278 290
76 94 302 266
68 122 290 282
68 110 316 298
74 82 274 362
96 210 106 450
80 186 138 466
80 222 130 458
90 238 294 114
62 134 322 298
94 166 268 266
96 174 174 330
104 222 232 202
130 210 180 282
60 190 276 258
60 194 234 290
88 162 174 370
64 114 262 378
64 122 256 354
62 114 296 394
52 118 294 362
86 154 152 466
48 138 250 426
94 142 150 490
92 158 130 490
54 146 286 330
48 162 322 274
48 166 270 306
34 186 326 314
42 182 308 274
80 174 276 226
88 170 282 194
100 166 268 210
104 190 186 290
100 238 248 162
106 154 142 394
100 166 132 378
100 158 126 426
80 178 336 154
92 170 134 466
92 174 148 426
88 202 112 458
120 246 222 186
70 90 316 354
120 166 128 354
88 210 166 330
86 202 154 338
96 202 166 290
90 178 168 330
88 206 182 282
90 198 182 298
100 174 180 306
80 174 154 490
66 206 202 322
78 210 216 298
62 206 228 290
108 202 226 226
82 74 292 346
90 70 282 346
74 226 156 466
74 242 144 418
74 62 294 418
74 78 324 346
82 170 336 218
92 174 286 186
90 166 324 154
80 198 296 162
74 190 316 162
94 198 160 314
86 182 170 338
92 210 160 322
88 170 166 378
42 154 278 354
38 170 280 322
40 166 278 314
40 158 288 346
72 198 324 218
56 106 272 426
108 198 236 202
108 202 256 170
68 170 234 314
102 210 98 386
76 270 184 354
80 62 270 354
78 86 266 386
94 190 128 370
62 214 220 274
42 154 286 330
64 154 232 338
64 154 242 330
58 146 246 330
46 146 350 306
36 170 282 330
40 170 332 274
46 198 302 274
44 166 288 306
72 154 258 306
92 94 204 394
94 102 208 386
90 106 200 410
98 90 220 362
102 98 200 386
92 74 244 394
66 214 342 210
60 218 316 226
60 202 328 226
74 114 346 274
84 78 326 306
64 126 200 402
64 110 254 418
66 106 216 410
92 230 268 146
68 122 234 362
64 130 234 354
60 114 264 410
58 122 282 346
80 214 274 178
110 166 154 346
96 142 188 346
90 138 160 378
96 170 148 386
86 138 200 370
108 242 106 370
96 186 106 474
108 202 126 322
104 186 288 146
106 190 274 162
76 198 162 426
102 174 104 482
106 170 118 474
108 166 112 514
114 214 110 362
52 126 258 378
44 150 268 370
46 130 286 402
84 214 178 322
128 246 136 290
126 222 110 330
122 226 124 306
122 230 146 282
88 182 204 298
94 198 178 306
104 186 202 298
116 102 218 338
102 102 198 378
108 106 238 322
94 130 282 282
100 158 268 266
78 254 260 162
84 226 248 178
76 234 242 194
96 110 220 370
94 118 210 378
76 90 276 338
94 158 160 370
100 162 182 338
90 178 148 466
96 210 290 146
94 242 252 162
120 230 212 218
100 86 228 362
102 210 326 98
66 166 244 298
70 158 262 290
50 154 214 386
48 162 224 346
80 142 210 330
64 150 204 386
74 154 186 338
72 174 192 386
66 186 188 402
70 170 214 330
62 154 194 378
42 142 280 362
52 130 324 346
46 162 240 346
50 150 242 346
58 134 248 338
56 146 222 346
112 226 140 298
116 234 88 362
46 134 260 394
50 122 244 386
54 138 226 426
58 134 234 418
86 182 160 370
94 234 226 226
82 198 248 234
94 206 246 234
76 222 336 146
92 238 338 106
44 158 266 330
44 134 278 338
98 178 122 442
100 190 126 362
84 78 228 402
92 178 130 410
98 166 128 410
48 142 270 338
44 170 240 346
48 130 290 354
92 186 252 234
84 210 256 170
88 218 288 146
126 126 140 498
118 130 140 498
114 194 130 330
116 174 142 362
76 202 314 218
66 166 302 250
96 194 274 178
94 182 280 194
50 150 272 330
52 178 276 282
108 238 122 314
114 234 184 266
102 182 238 202
56 166 216 322
96 178 334 130
88 186 312 154
92 182 300 170
84 170 306 170
88 158 316 162
76 90 246 386
42 198 240 378
48 222 242 314
120 138 136 442
120 238 256 138
108 114 236 306
104 90 268 322
98 234 210 210
38 142 306 362
44 158 296 322
38 166 302 330
124 182 104 410
96 206 306 114
72 174 252 282
88 154 324 218
62 150 328 258
100 170 210 314
74 242 184 362
74 246 188 330
86 90 290 314
100 170 180 338
68 190 280 234
78 214 272 226
72 202 278 234
116 162 112 458
120 174 114 402
104 90 206 418
76 66 286 394
76 74 288 386
72 82 298 362
86 58 268 378
82 170 180 426
110 226 268 130
94 194 306 130
82 206 312 130
88 210 306 122
110 162 212 306
102 198 202 290
88 102 376 250
52 126 348 346
44 170 222 386
42 150 224 386
50 170 210 394
46 158 220 378
56 162 194 346
48 178 204 330
52 198 198 394
98 170 216 314
100 162 226 314
102 162 156 370
88 166 146 474
94 178 124 442
90 198 126 442
96 154 132 474
96 162 136 418
88 150 174 402
98 218 220 226
118 194 226 202
114 186 232 226
122 178 224 242
108 214 234 194
84 246 242 170
94 222 244 194
80 226 250 178
100 230 228 194
64 122 304 322
80 230 164 346
84 218 162 322
36 174 248 418
46 154 250 378
118 138 128 546
60 198 252 250
66 150 282 298
60 142 302 298
52 154 246 322
58 174 256 306
96 222 270 146
104 234 248 170
82 218 256 202
114 170 102 450
86 210 174 314
80 202 180 298
92 182 200 314
88 214 164 314
90 222 238 218
92 234 252 170
