1134
52 154 336 378 
84 178 204 442 
106 166 230 322 
94 162 218 394 
64 126 268 402 
76 106 304 370 
74 138 322 306 
86 166 318 258 
72 138 338 298 
74 134 346 298 
72 114 270 410 
76 98 292 434 
80 90 302 394 
62 142 294 378 
62 110 332 418 
64 122 280 426 
58 126 310 394 
64 134 274 378 
60 154 300 354 
54 154 318 362 
56 178 278 362 
68 114 290 386 
62 126 298 394 
62 118 314 386 
60 118 354 402 
56 174 294 362 
72 106 320 370 
60 162 270 378 
62 122 312 378 
64 118 360 346 
66 102 342 378 
74 118 322 330 
54 146 306 394 
70 138 306 322 
60 122 364 346 
60 134 300 370 
56 162 312 354 
58 134 310 362 
64 138 296 346 
62 122 354 354 
60 126 348 378 
74 194 236 338 
66 190 260 330 
78 186 270 282 
86 150 316 266 
92 158 330 250 
106 174 244 298 
80 106 254 442 
82 162 226 386 
78 134 238 378 
74 130 234 426 
82 106 252 426 
86 98 262 386 
80 134 228 402 
72 130 252 394 
86 114 246 394 
78 118 232 442 
74 110 262 434 
70 110 268 458 
86 166 210 450 
76 130 224 450 
76 166 218 434 
76 122 246 394 
70 130 268 386 
92 130 368 274 
66 134 300 346 
82 150 360 266 
70 110 282 386 
72 126 338 314 
78 130 310 298 
70 134 312 330 
106 110 350 298 
88 134 280 314 
80 166 234 346 
68 174 246 354 
76 178 222 362 
80 162 328 266 
78 166 230 354 
80 162 238 338 
84 138 260 338 
78 142 278 314 
66 146 268 362 
74 126 254 354 
70 142 270 346 
84 142 268 314 
90 162 230 354 
88 138 300 290 
68 178 266 330 
72 150 254 346 
74 170 290 298 
72 174 268 314 
102 162 258 290 
88 134 358 266 
88 150 358 258 
92 134 338 274 
74 102 350 354 
80 118 318 306 
92 158 360 242 
86 150 366 258 
84 142 328 274 
92 146 320 266 
76 130 348 298 
100 166 362 226 
86 154 340 258 
84 158 304 274 
100 146 352 242 
94 138 270 306 
82 122 306 314 
86 138 330 274 
84 150 318 266 
96 146 234 346 
88 166 226 330 
84 162 222 378 
84 134 262 338 
90 110 306 322 
92 106 262 338 
88 98 318 338 
96 110 260 354 
100 126 284 314 
70 114 324 354 
76 98 364 362 
84 102 368 330 
90 106 352 314 
88 122 284 322 
88 118 294 306 
96 134 326 274 
80 98 290 354 
84 114 314 314 
96 106 334 306 
84 102 270 346 
80 102 310 338 
82 126 270 338 
74 98 326 386 
74 106 336 346 
88 106 302 330 
76 102 362 346 
82 110 326 306 
96 142 292 282 
92 154 308 266 
110 158 292 258 
102 154 300 266 
92 150 240 322 
102 154 268 282 
88 142 266 298 
98 146 262 298 
96 134 264 298 
90 150 250 298 
90 130 278 306 
98 130 258 314 
100 138 278 290 
88 126 290 298 
104 154 302 250 
106 170 292 242 
102 162 286 258 
94 166 274 258 
94 138 248 314 
78 106 270 362 
98 154 272 274 
62 154 308 338 
66 150 310 322 
92 174 302 250 
78 170 354 258 
86 170 332 242 
92 150 272 282 
90 174 272 274 
84 154 314 274 
78 170 300 274 
96 178 330 218 
92 162 306 258 
72 182 280 298 
84 170 280 282 
82 166 324 258 
80 150 318 274 
84 166 342 234 
66 138 356 314 
66 146 320 322 
78 142 330 274 
78 114 308 330 
76 174 350 258 
70 134 356 306 
74 154 360 266 
68 162 322 298 
70 138 336 306 
66 154 352 298 
90 170 336 234 
86 154 312 274 
72 134 336 306 
68 138 312 322 
80 138 356 274 
80 110 334 330 
56 174 278 370 
64 178 254 378 
64 146 314 338 
60 170 292 346 
76 118 306 330 
74 182 240 346 
72 186 232 362 
62 194 246 410 
68 182 232 386 
68 166 292 306 
74 186 278 298 
60 174 292 338 
62 166 254 386 
62 162 260 362 
68 170 280 322 
78 194 238 314 
72 178 236 354 
76 182 240 306 
74 190 274 290 
68 166 246 378 
66 150 252 354 
62 146 248 402 
68 162 250 362 
68 158 260 346 
70 166 276 314 
66 170 240 402 
60 182 264 378 
68 178 236 370 
54 158 288 370 
54 174 284 402 
58 162 276 394 
60 170 272 362 
70 186 274 306 
62 150 292 346 
92 198 304 234 
78 174 304 266 
82 206 306 242 
88 170 246 298 
76 170 292 290 
74 158 280 306 
84 162 248 322 
72 162 274 314 
62 182 256 378 
70 178 240 362 
70 170 238 394 
66 126 314 338 
68 142 316 314 
60 122 288 402 
64 126 292 354 
62 138 344 330 
70 214 232 378 
66 186 244 362 
70 206 246 346 
54 142 322 362 
52 138 306 410 
52 150 324 402 
58 142 296 370 
52 134 332 386 
60 138 294 394 
62 162 254 394 
62 130 286 386 
60 142 320 346 
60 130 302 354 
68 134 276 346 
64 138 320 330 
64 150 268 346 
64 138 260 370 
72 114 292 354 
62 158 302 330 
60 146 264 394 
58 154 302 346 
66 150 290 330 
66 158 276 338 
62 138 310 346 
62 134 358 330 
62 146 294 354 
66 130 354 330 
58 142 332 338 
58 138 336 338 
56 126 298 402 
64 146 326 314 
66 118 326 354 
68 126 248 442 
66 134 246 418 
66 126 262 426 
68 134 250 410 
60 142 274 402 
66 130 256 402 
70 134 260 354 
70 138 250 370 
60 134 256 418 
86 174 224 306 
80 170 224 370 
80 154 252 330 
72 174 238 354 
80 174 246 322 
78 150 244 346 
76 142 236 354 
78 142 258 338 
76 166 220 418 
70 166 242 386 
66 138 242 402 
72 138 232 402 
74 138 236 394 
84 170 224 346 
80 174 220 378 
74 178 212 426 
68 150 240 402 
70 126 272 370 
82 134 302 298 
86 158 278 282 
74 158 270 314 
66 154 298 322 
72 158 312 298 
72 162 294 290 
78 146 300 282 
72 142 268 338 
66 158 262 346 
70 142 246 354 
72 130 248 410 
66 154 304 314 
68 146 270 330 
70 146 292 314 
66 158 322 306 
78 138 290 314 
74 138 262 330 
70 154 278 322 
70 186 256 346 
74 182 284 282 
72 182 244 346 
64 178 268 338 
78 174 294 274 
72 126 256 378 
70 162 268 330 
74 130 276 322 
68 158 288 322 
70 158 310 306 
72 158 260 338 
74 166 256 322 
80 178 242 290 
78 178 242 330 
70 166 260 322 
74 202 248 330 
78 182 280 282 
72 178 234 370 
72 170 248 338 
68 174 270 322 
74 178 264 306 
86 178 274 274 
86 174 274 282 
86 190 306 242 
72 178 280 306 
80 190 232 330 
76 214 282 274 
88 210 292 226 
88 162 246 306 
92 178 270 266 
84 166 236 338 
82 166 254 298 
84 182 278 282 
80 174 288 282 
78 198 264 290 
82 194 266 274 
90 194 274 242 
84 186 216 314 
98 186 234 282 
94 210 224 290 
94 198 222 298 
66 166 250 386 
74 170 226 394 
66 174 236 418 
80 182 212 362 
70 166 230 402 
70 150 224 410 
68 174 230 466 
74 166 308 282 
84 178 290 250 
90 190 248 266 
98 202 290 218 
86 182 278 258 
94 198 262 250 
84 190 284 258 
88 202 240 274 
86 158 302 266 
86 146 270 306 
78 134 292 306 
70 122 318 330 
72 130 266 370 
74 122 334 314 
86 118 310 298 
72 150 300 306 
82 158 334 266 
80 154 344 258 
64 134 340 330 
70 126 378 298 
68 130 342 314 
74 114 348 306 
94 122 302 290 
84 118 382 290 
88 126 348 282 
78 114 330 314 
66 138 288 362 
72 142 314 298 
66 142 350 306 
72 150 346 274 
76 130 358 290 
76 142 410 266 
86 146 330 266 
82 142 388 266 
84 162 334 258 
92 134 350 258 
86 134 344 282 
76 134 334 290 
90 146 340 250 
76 138 316 282 
80 130 380 274 
100 158 302 258 
98 174 364 226 
94 158 380 234 
90 158 366 242 
92 166 330 242 
92 146 324 258 
98 158 342 234 
94 134 334 266 
100 154 322 250 
86 158 338 258 
92 186 306 234 
104 190 310 218 
104 186 332 202 
94 170 372 226 
100 182 304 234 
86 138 312 282 
100 154 370 234 
76 166 360 258 
88 158 354 250 
88 146 314 274 
74 134 354 282 
72 126 362 306 
80 158 260 314 
80 146 284 290 
74 146 302 298 
80 154 270 298 
78 122 324 290 
70 114 350 322 
86 122 304 306 
88 142 296 290 
84 126 298 314 
76 114 332 314 
92 150 302 274 
82 130 364 282 
74 142 298 306 
70 138 396 290 
84 182 318 234 
86 178 342 226 
92 166 322 250 
88 174 382 226 
80 146 372 258 
72 162 364 266 
74 174 364 258 
78 166 428 250 
76 182 348 258 
80 186 316 250 
88 142 382 258 
80 142 398 266 
98 162 320 250 
84 134 282 306 
96 194 306 218 
84 174 294 258 
86 206 258 266 
76 178 298 274 
90 162 318 258 
88 182 264 266 
86 202 308 226 
94 166 318 242 
96 190 278 242 
82 174 322 242 
88 214 242 266 
82 210 256 282 
100 218 260 250 
100 142 294 274 
100 158 320 242 
108 150 318 258 
100 150 306 266 
106 166 314 226 
106 202 280 234 
104 186 290 242 
102 190 288 234 
104 170 342 226 
100 194 332 210 
110 202 328 210 
86 162 370 242 
98 206 282 234 
104 182 288 250 
84 186 262 282 
88 162 244 322 
98 186 260 266 
78 162 272 306 
84 110 324 322 
86 110 298 330 
80 166 244 330 
68 106 314 402 
70 110 370 354 
72 102 328 370 
78 94 302 346 
64 110 342 378 
72 130 268 362 
70 118 330 322 
72 114 288 378 
68 110 296 378 
72 118 328 346 
70 130 278 338 
74 114 286 338 
82 118 278 330 
72 134 310 314 
68 142 300 322 
78 154 282 290 
80 162 266 290 
86 146 280 290 
82 118 252 370 
82 102 286 338 
76 110 294 338 
70 198 222 418 
74 154 228 362 
78 174 230 346 
72 154 244 354 
78 150 248 338 
66 170 258 338 
82 110 284 338 
80 126 304 314 
86 98 286 354 
84 110 268 346 
82 134 236 378 
88 158 250 306 
92 166 224 330 
94 154 232 322 
92 122 246 346 
84 122 272 338 
88 130 240 362 
82 122 236 394 
84 122 244 370 
80 118 258 346 
80 114 250 402 
84 106 260 362 
68 118 284 394 
72 130 330 314 
100 134 242 338 
92 138 238 338 
86 142 234 354 
88 114 258 378 
88 130 242 346 
82 126 288 322 
88 126 252 330 
96 130 244 322 
66 114 306 394 
72 114 280 386 
64 130 270 394 
76 110 276 394 
74 118 264 378 
72 118 264 394 
74 110 278 370 
68 162 238 410 
82 114 266 354 
86 94 282 362 
82 106 280 346 
80 134 230 386 
76 146 232 370 
68 130 272 354 
90 146 226 370 
78 146 222 394 
78 138 236 362 
68 134 262 354 
68 118 300 354 
74 142 284 314 
72 122 292 322 
84 166 240 306 
86 162 284 274 
86 158 254 314 
82 186 284 266 
86 150 260 298 
92 166 248 282 
88 158 292 274 
82 162 318 266 
68 134 322 314 
72 114 334 330 
84 130 290 314 
76 158 252 322 
70 154 266 338 
74 150 268 322 
78 122 254 370 
72 118 278 370 
82 130 246 346 
84 162 250 314 
74 126 306 314 
76 150 266 314 
70 150 284 322 
74 134 240 386 
82 142 254 322 
94 142 294 290 
94 130 260 314 
88 126 268 322 
90 146 258 314 
68 118 288 370 
62 130 324 338 
78 158 306 274 
78 114 258 386 
78 130 250 354 
66 122 270 394 
70 102 296 378 
72 106 284 386 
76 114 254 394 
76 106 270 402 
74 126 246 402 
70 110 318 362 
70 126 326 322 
76 102 314 370 
76 150 334 274 
64 122 286 386 
74 106 320 362 
80 110 274 354 
72 110 294 362 
74 118 268 346 
68 126 290 338 
86 130 316 290 
76 130 266 346 
68 114 368 322 
78 178 334 258 
76 166 334 266 
74 170 336 266 
66 122 346 346 
66 130 360 314 
100 214 310 210 
82 166 362 250 
86 186 332 226 
70 158 244 378 
70 118 268 418 
76 130 226 434 
70 110 280 434 
72 142 228 418 
74 142 218 442 
68 138 236 482 
70 126 244 474 
84 126 232 394 
86 154 236 338 
70 130 252 418 
88 118 242 394 
84 118 248 402 
92 126 240 370 
80 138 234 378 
64 114 286 458 
66 114 282 434 
72 114 276 394 
66 114 326 370 
68 110 284 426 
76 146 228 394 
68 130 262 394 
66 126 274 386 
74 114 268 418 
78 110 248 450 
76 122 244 442 
72 106 282 426 
74 106 282 402 
80 106 264 394 
80 118 240 418 
82 118 244 410 
78 130 232 426 
82 106 262 418 
86 142 222 418 
88 130 230 410 
96 130 238 386 
80 118 236 434 
70 130 254 410 
86 126 242 386 
68 122 258 410 
78 122 244 394 
64 158 286 338 
76 170 222 386 
70 134 256 378 
62 154 270 386 
88 146 236 346 
88 158 276 290 
86 134 302 290 
94 142 304 274 
94 154 244 314 
84 178 230 338 
84 142 238 330 
96 122 286 298 
84 166 216 410 
88 174 214 386 
78 174 214 402 
78 186 238 330 
58 126 326 386 
60 146 308 346 
66 110 340 370 
72 122 352 314 
70 138 312 314 
66 142 296 338 
64 142 338 322 
70 126 356 314 
72 118 276 378 
66 110 308 378 
78 102 290 370 
82 134 282 314 
92 138 276 314 
98 162 296 266 
80 154 246 338 
60 150 326 338 
62 114 340 362 
62 122 326 370 
58 122 352 362 
62 114 320 426 
64 146 282 354 
70 118 280 386 
76 138 252 354 
66 114 290 410 
74 114 270 402 
78 102 300 362 
72 98 342 378 
86 102 336 330 
76 98 296 378 
78 118 278 338 
84 98 276 370 
80 114 290 322 
78 122 318 314 
80 122 276 330 
98 158 228 338 
78 174 216 386 
94 150 230 362 
86 170 222 346 
88 178 268 274 
60 174 260 410 
58 126 282 434 
58 138 282 418 
60 130 298 386 
60 130 286 418 
58 146 288 394 
56 138 316 394 
60 142 294 386 
70 130 236 434 
74 118 250 418 
70 126 256 410 
72 122 256 402 
64 126 254 474 
68 130 270 386 
64 130 258 402 
62 118 280 490 
70 118 260 482 
62 130 280 474 
74 134 232 410 
64 126 288 370 
72 158 240 378 
86 166 212 434 
76 130 244 410 
80 126 244 354 
90 162 238 314 
92 158 238 306 
92 134 234 362 
92 194 236 298 
108 186 270 258 
94 158 226 346 
82 190 240 298 
84 142 306 290 
76 178 282 282 
82 170 306 250 
78 186 324 258 
76 174 238 338 
84 174 260 290 
84 194 266 250 
78 186 276 274 
84 158 294 282 
82 170 220 354 
104 162 260 274 
88 162 220 378 
94 154 282 274 
90 178 308 234 
94 178 262 274 
60 158 326 330 
60 162 322 330 
80 166 326 266 
66 166 316 306 
72 158 332 282 
76 190 326 258 
70 142 322 306 
64 130 312 346 
70 170 308 298 
80 166 290 274 
112 242 206 346 
98 202 196 450 
100 214 190 418 
102 210 184 442 
94 214 200 410 
98 206 204 394 
104 190 206 394 
102 182 210 402 
100 210 198 426 
106 186 206 418 
102 190 206 402 
106 178 210 386 
102 226 198 370 
112 194 232 298 
120 202 214 338 
116 230 206 306 
94 218 210 402 
100 214 196 410 
118 234 254 258 
108 242 218 290 
104 178 216 370 
98 194 206 418 
98 186 210 386 
90 210 210 418 
86 218 200 442 
88 230 194 410 
94 246 204 402 
104 214 176 434 
112 222 168 458 
94 230 186 442 
96 226 186 434 
94 222 194 442 
110 190 192 434 
100 206 202 442 
92 226 198 434 
88 242 208 394 
110 214 192 402 
96 218 194 498 
98 222 182 450 
108 190 202 418 
108 190 196 434 
96 210 202 386 
118 170 210 442 
110 170 202 458 
124 166 206 426 
130 162 202 490 
130 178 200 410 
104 170 206 466 
102 190 200 442 
118 182 196 434 
130 190 196 394 
122 186 194 410 
128 194 192 386 
104 210 182 434 
122 194 166 410 
118 178 192 442 
102 178 208 426 
130 198 182 402 
132 170 212 418 
128 162 210 450 
114 162 216 482 
100 198 202 482 
128 182 196 402 
128 178 204 386 
118 190 186 426 
118 154 216 474 
120 190 184 418 
118 186 188 426 
122 170 190 442 
112 194 196 394 
118 202 170 370 
102 206 202 354 
112 206 200 370 
114 186 196 402 
102 194 200 402 
102 186 206 426 
102 198 206 370 
122 158 212 482 
108 170 204 450 
118 162 216 466 
122 186 192 418 
116 206 160 426 
116 198 188 426 
122 202 154 450 
106 194 198 418 
104 174 208 418 
100 198 208 402 
102 194 190 426 
118 166 194 450 
108 182 176 442 
106 202 170 418 
106 198 194 410 
106 178 202 434 
116 186 192 434 
106 182 192 442 
120 174 214 362 
122 186 204 378 
112 222 178 410 
112 194 208 354 
110 210 208 346 
114 190 200 394 
118 194 198 370 
124 202 196 346 
124 206 204 338 
122 202 212 346 
126 198 204 362 
118 218 190 346 
130 222 214 330 
126 198 196 370 
120 174 210 386 
110 194 208 378 
120 242 180 346 
114 206 178 354 
114 198 206 354 
102 206 212 346 
106 190 208 386 
102 202 196 386 
110 190 204 386 
70 198 290 282 
62 182 310 314 
66 178 324 290 
58 166 372 306 
54 146 352 330 
62 150 326 322 
58 166 318 322 
50 162 364 346 
56 182 330 322 
56 166 342 322 
50 150 338 354 
52 186 370 330 
64 150 310 330 
60 166 302 330 
58 142 350 330 
60 146 330 338 
60 186 362 298 
60 186 308 314 
80 186 356 242 
70 166 318 290 
78 214 268 282 
74 194 292 266 
72 170 340 266 
80 190 338 234 
78 190 338 242 
68 186 296 298 
80 170 370 250 
94 202 340 218 
82 198 322 234 
80 178 326 250 
88 190 368 218 
70 158 408 274 
62 174 400 282 
70 162 404 274 
68 138 410 298 
76 146 400 274 
70 142 362 290 
64 134 370 314 
56 142 316 362 
56 154 324 338 
60 126 376 338 
54 134 342 378 
74 142 414 274 
66 134 372 306 
68 126 348 322 
68 154 312 306 
64 146 360 306 
70 154 374 282 
64 158 296 330 
62 162 420 290 
64 154 400 298 
70 146 346 298 
66 162 338 298 
54 130 368 354 
62 158 338 314 
60 150 354 314 
64 142 344 314 
62 162 320 306 
66 146 328 306 
62 158 358 298 
66 146 398 298 
66 170 392 274 
66 158 366 282 
72 146 402 282 
76 154 400 258 
68 154 378 282 
66 206 238 410 
70 162 244 354 
80 194 232 306 
90 206 238 290 
84 210 256 266 
68 182 336 274 
70 194 340 258 
68 170 310 282 
74 190 296 274 
70 190 300 274 
74 182 310 266 
62 182 300 322 
68 174 298 298 
70 186 280 298 
64 178 290 322 
72 214 330 250 
64 186 328 290 
64 190 356 282 
56 186 326 322 
56 178 308 338 
56 186 348 314 
58 206 338 306 
58 210 288 346 
70 166 286 306 
58 174 296 338 
64 182 286 314 
66 174 276 314 
62 166 278 338 
54 162 318 338 
66 162 294 314 
66 170 310 306 
62 198 276 322 
58 194 306 322 
52 186 294 354 
56 186 290 354 
56 158 282 370 
64 182 304 306 
72 158 282 306 
78 150 294 298 
76 154 300 282 
72 138 276 322 
76 174 306 266 
74 174 246 346 
64 186 252 362 
64 190 248 378 
60 186 284 330 
58 190 272 370 
60 182 288 338 
64 174 276 338 
72 194 224 386 
58 170 276 354 
62 210 316 298 
58 194 292 346 
66 206 318 282 
68 182 284 306 
64 178 304 314 
72 186 336 258 
64 174 308 298 
70 166 346 266 
62 162 314 314 
74 154 316 274 
62 146 258 394 
64 158 256 394 
62 150 316 338 
68 166 328 290 
72 190 256 298 
62 158 268 346 
62 178 274 330 
66 138 302 330 
72 146 262 330 
68 142 282 338 
76 158 248 338 
80 150 254 322 
68 150 306 314 
90 182 248 274 
84 178 284 266 
86 190 254 282 
80 202 284 258 
72 218 280 290 
62 210 266 346 
80 226 274 274 
80 238 276 266 
84 218 308 218 
72 222 298 266 
76 198 270 290 
74 206 280 282 
82 202 262 282 
92 194 246 282 
74 198 310 258 
78 182 294 266 
80 194 300 258 
58 178 294 338 
64 194 292 306 
52 182 294 362 
62 206 316 306 
66 202 318 290 
68 190 300 290 
48 142 348 378 
52 178 374 330 
50 178 330 354 
56 158 328 330 
56 178 304 346 
56 162 316 346 
56 158 316 354 
58 130 328 370 
50 154 296 386 
50 166 304 362 
56 150 314 370 
46 174 334 394 
52 174 346 338 
56 170 302 354 
52 170 328 346 
58 174 314 330 
56 154 298 370 
60 186 270 370 
56 166 302 362 
48 166 328 410 
46 178 374 378 
48 198 364 370 
46 190 322 394 
44 166 366 410 
58 122 356 354 
54 142 326 354 
58 130 370 346 
66 186 378 266 
56 174 388 306 
60 194 354 298 
60 190 340 306 
66 182 350 274 
60 178 366 298 
58 170 336 314 
52 190 334 338 
56 170 360 314 
58 162 348 322 
54 150 370 322 
66 198 338 274 
64 162 360 282 
66 162 344 290 
62 178 372 282 
64 166 350 298 
72 178 308 282 
76 194 332 242 
58 202 262 402 
58 162 326 330 
64 170 292 330 
54 150 304 394 
56 150 288 426 
56 150 290 394 
62 174 332 298 
70 178 306 290 
60 146 276 362 
58 158 308 338 
64 162 300 322 
56 158 310 362 
68 162 356 282 
64 150 340 306 
64 170 346 290 
66 174 292 306 
70 150 314 298 
62 142 340 330 
64 198 362 274 
60 202 348 298 
66 194 376 266 
68 202 340 266 
78 214 322 234 
72 186 314 266 
60 154 342 306 
62 190 320 298 
66 166 342 290 
62 170 312 322 
68 150 330 290 
60 142 356 322 
66 182 320 290 
56 170 338 322 
52 150 352 346 
