1080
98 242 366 82 
120 234 70 418 
92 222 382 90 
86 246 348 90 
96 218 374 90 
88 238 354 90 
32 158 324 410 
32 162 322 394 
30 190 340 354 
114 230 82 386 
118 254 74 394 
118 206 78 458 
112 226 78 474 
118 222 72 450 
104 206 80 434 
112 222 80 426 
114 222 88 378 
120 226 84 370 
116 214 84 410 
114 242 74 410 
100 230 90 418 
106 226 84 394 
116 226 74 434 
116 254 80 386 
120 198 74 458 
114 214 76 434 
116 234 88 362 
118 234 80 386 
110 218 86 410 
112 230 76 410 
126 218 76 418 
110 222 92 378 
126 258 78 386 
120 206 82 418 
96 222 372 82 
106 254 350 82 
98 206 338 130 
96 214 346 98 
102 206 334 138 
92 226 388 82 
96 194 352 154 
106 198 344 138 
94 202 334 146 
98 198 372 122 
100 186 374 162 
100 198 346 146 
106 194 362 138 
92 202 358 146 
100 194 350 162 
104 190 332 170 
98 190 374 122 
100 210 338 122 
106 194 356 146 
86 198 410 146 
84 206 386 170 
90 194 402 146 
84 206 420 162 
80 210 400 154 
86 238 370 90 
88 230 308 178 
92 242 324 98 
102 226 330 98 
104 234 314 98 
80 218 386 154 
96 250 320 98 
94 234 304 130 
88 250 318 106 
108 254 306 114 
96 238 312 114 
104 222 302 154 
100 242 294 138 
100 242 308 106 
86 250 322 98 
98 242 312 98 
92 226 306 122 
88 210 320 154 
94 214 316 154 
98 214 312 138 
88 234 304 146 
90 238 296 146 
98 210 330 138 
88 222 310 130 
84 218 326 146 
84 234 320 170 
92 210 318 162 
96 206 300 170 
90 206 342 122 
94 218 308 154 
90 218 324 138 
80 222 340 130 
82 226 322 122 
92 226 292 154 
98 210 324 146 
80 234 350 106 
90 218 356 106 
102 202 358 106 
90 206 376 106 
80 222 374 114 
82 226 356 106 
80 226 364 98 
90 210 370 98 
88 202 368 130 
88 214 358 106 
92 202 366 138 
96 198 348 146 
90 198 390 98 
80 214 388 106 
82 218 370 98 
92 218 354 98 
94 194 382 146 
100 194 340 194 
84 230 354 98 
96 222 344 98 
94 214 360 98 
102 210 350 114 
92 218 348 106 
94 202 380 98 
106 206 386 90 
94 194 360 170 
102 190 340 186 
86 206 380 146 
84 238 310 170 
86 234 312 154 
84 238 312 130 
80 234 328 146 
80 250 322 170 
92 222 302 170 
86 222 344 122 
88 242 308 122 
76 238 342 130 
78 242 324 122 
88 242 294 154 
98 222 318 114 
94 206 332 146 
104 210 324 130 
94 218 322 122 
90 214 338 138 
98 206 330 154 
102 202 312 162 
96 202 354 114 
88 222 334 114 
98 222 304 146 
88 230 338 98 
92 230 326 114 
82 250 318 122 
74 254 362 98 
84 254 310 122 
82 238 324 106 
78 234 340 122 
86 246 332 98 
84 222 356 98 
76 242 336 98 
86 242 306 130 
92 246 314 106 
94 242 336 90 
92 210 340 130 
102 214 332 114 
92 222 330 106 
88 218 346 122 
96 210 338 138 
100 206 320 146 
94 206 362 98 
94 218 344 114 
86 226 342 98 
92 206 360 106 
84 210 344 146 
100 218 320 122 
108 202 310 162 
102 202 352 114 
104 222 316 114 
82 238 378 90 
92 242 304 130 
96 246 286 154 
96 246 300 122 
92 254 346 90 
82 238 354 98 
90 250 360 82 
102 198 370 114 
82 226 348 114 
84 230 330 106 
94 226 348 90 
94 230 300 138 
94 230 314 106 
86 214 348 130 
86 218 350 114 
98 238 322 98 
102 214 304 146 
102 214 290 178 
92 214 320 146 
108 198 322 170 
88 206 400 114 
86 214 362 98 
96 214 332 130 
84 210 380 106 
78 222 398 122 
78 234 366 114 
84 214 350 122 
82 210 352 114 
88 234 326 98 
98 234 296 130 
96 226 328 114 
90 222 320 122 
106 170 332 306 
96 158 238 442 
96 154 252 434 
32 166 320 394 
54 190 336 298 
42 170 326 314 
38 182 322 314 
58 170 340 306 
42 174 278 354 
52 158 272 354 
50 182 262 346 
50 174 282 330 
48 198 268 314 
54 154 286 338 
50 182 310 314 
48 166 256 362 
48 150 278 354 
52 166 284 322 
34 178 306 362 
40 214 290 330 
36 170 308 354 
30 182 308 386 
54 202 310 306 
44 178 304 322 
52 210 266 314 
56 190 300 306 
52 190 252 362 
46 158 304 338 
52 146 318 330 
34 158 324 370 
32 166 324 386 
32 170 346 370 
52 178 270 346 
54 194 260 346 
34 154 324 378 
38 226 308 322 
34 166 348 346 
38 138 328 362 
32 150 326 386 
36 150 350 362 
40 146 296 370 
40 162 278 394 
32 170 322 378 
44 234 332 290 
46 218 374 290 
48 202 348 298 
42 202 312 306 
52 218 282 306 
50 234 274 298 
56 218 316 282 
54 250 274 290 
46 234 314 290 
48 210 296 290 
44 246 326 298 
54 214 288 306 
46 190 322 306 
52 174 334 306 
44 166 314 314 
52 218 346 282 
58 202 358 282 
50 194 338 290 
46 230 368 298 
48 186 336 306 
56 186 298 314 
52 194 312 306 
60 186 332 290 
58 218 290 298 
50 202 330 298 
38 178 312 338 
44 190 372 306 
48 182 356 306 
44 194 290 330 
48 178 302 322 
58 194 330 298 
44 186 280 338 
40 174 282 338 
42 162 302 330 
38 186 298 338 
40 202 270 338 
44 202 274 330 
52 194 254 354 
56 234 242 322 
46 218 260 330 
50 210 262 330 
54 190 286 314 
52 222 244 322 
44 206 284 322 
46 182 266 322 
46 198 248 346 
38 206 292 330 
46 194 308 314 
40 218 318 322 
44 210 264 346 
38 182 292 362 
40 174 278 370 
60 214 256 330 
56 214 228 370 
46 198 246 378 
38 214 280 354 
38 202 296 330 
40 154 300 354 
42 162 268 362 
42 142 294 378 
38 170 310 346 
42 158 272 386 
38 166 272 394 
38 174 262 386 
44 166 240 394 
44 150 262 386 
48 178 254 378 
38 158 328 354 
40 166 296 362 
48 134 302 354 
54 158 280 346 
56 134 286 410 
56 154 258 394 
56 138 280 386 
60 194 246 362 
50 170 282 346 
50 142 270 362 
56 182 248 362 
50 158 252 386 
58 218 236 354 
46 158 292 346 
54 178 248 386 
42 186 264 370 
48 166 260 354 
48 182 242 378 
54 206 238 354 
50 130 332 354 
40 142 320 362 
34 150 320 402 
52 134 328 346 
40 150 304 362 
48 162 344 314 
40 154 324 322 
36 178 306 354 
52 142 346 338 
34 162 310 354 
34 158 296 378 
42 150 326 338 
44 142 302 346 
38 134 304 378 
48 130 318 370 
46 134 342 362 
44 138 318 354 
40 150 340 338 
42 138 322 362 
32 174 300 378 
38 142 302 402 
36 146 318 402 
32 182 316 346 
30 174 310 378 
34 146 326 370 
36 150 282 370 
34 178 328 346 
34 154 318 386 
46 158 258 386 
46 142 280 378 
48 166 308 322 
34 202 300 362 
44 170 286 346 
58 158 302 322 
56 190 260 330 
48 174 300 330 
40 186 268 362 
38 198 284 362 
40 150 306 346 
32 174 332 354 
38 162 362 338 
44 150 362 330 
34 182 306 346 
38 190 298 330 
42 206 298 322 
34 190 338 322 
36 166 320 322 
30 206 342 346 
32 202 350 330 
32 190 356 322 
36 182 302 346 
60 182 354 298 
52 130 308 442 
56 130 302 426 
58 130 316 410 
36 170 278 418 
40 170 258 386 
40 154 280 378 
34 166 286 370 
46 134 294 386 
44 166 290 346 
38 186 276 370 
38 174 298 362 
56 202 246 354 
46 186 252 378 
44 198 266 362 
46 150 284 354 
54 142 296 354 
54 198 258 338 
58 178 262 346 
58 182 246 370 
52 190 232 370 
52 174 254 362 
44 158 294 346 
50 138 286 378 
42 146 308 354 
52 138 300 362 
46 146 286 362 
44 146 290 370 
44 170 266 378 
44 146 284 386 
42 166 256 410 
102 54 358 410 
90 74 356 402 
92 78 336 386 
92 70 354 394 
96 78 332 354 
96 102 312 362 
90 90 324 394 
88 98 330 426 
92 94 336 378 
88 86 344 410 
94 90 320 362 
94 78 358 378 
90 70 366 410 
92 66 364 402 
92 74 346 394 
96 74 342 362 
100 106 320 330 
94 74 370 378 
98 90 328 330 
102 98 304 314 
102 62 326 378 
104 78 350 322 
90 82 340 394 
94 82 336 362 
96 86 316 346 
126 62 328 338 
110 102 288 298 
108 86 254 330 
102 82 270 354 
104 58 274 386 
104 66 266 434 
98 70 272 426 
92 86 286 442 
94 70 298 418 
98 78 276 378 
94 78 266 466 
92 70 334 402 
102 70 264 394 
94 74 270 450 
92 70 304 410 
96 74 290 402 
94 66 302 402 
104 54 296 394 
98 74 280 362 
96 78 272 410 
102 66 270 426 
118 50 272 434 
100 82 252 402 
98 98 260 370 
94 94 272 410 
94 86 278 410 
100 98 246 402 
92 74 298 418 
96 78 264 418 
92 86 288 418 
90 94 278 434 
94 90 284 386 
90 82 292 418 
92 78 290 410 
90 82 322 410 
96 86 268 370 
94 90 260 418 
106 82 242 386 
104 98 250 354 
106 98 236 386 
102 78 254 402 
102 86 258 354 
98 74 260 426 
94 82 284 426 
94 70 294 426 
94 82 254 466 
92 78 288 426 
102 74 254 442 
94 74 286 418 
98 82 264 378 
96 86 256 426 
92 90 274 442 
92 66 344 410 
94 82 330 378 
90 74 338 410 
102 58 330 394 
96 78 314 362 
110 86 228 418 
108 106 230 354 
102 94 228 442 
104 102 242 394 
104 82 252 370 
106 94 238 354 
104 98 230 402 
102 66 274 402 
94 70 280 458 
92 66 314 418 
94 62 312 410 
96 70 300 410 
104 50 306 402 
98 70 290 370 
102 102 268 338 
108 62 266 394 
108 70 266 386 
106 70 240 402 
106 62 262 418 
106 66 246 434 
98 74 246 458 
96 70 280 418 
100 78 272 386 
104 86 248 370 
100 74 266 410 
108 54 272 402 
102 74 256 370 
100 78 248 418 
102 70 260 442 
104 66 272 386 
98 62 308 402 
102 70 286 362 
110 78 238 394 
110 66 250 402 
102 78 234 442 
100 74 268 402 
110 70 234 418 
112 58 260 386 
106 78 244 354 
104 82 236 402 
102 70 256 458 
100 66 276 402 
98 66 290 410 
100 86 276 338 
102 82 254 386 
104 94 252 322 
102 98 244 370 
100 94 242 410 
92 86 282 458 
92 90 260 474 
96 90 254 450 
96 82 260 450 
104 62 266 442 
98 82 250 410 
112 54 314 362 
106 74 298 330 
102 58 300 402 
96 78 284 370 
100 90 264 362 
112 54 266 418 
106 74 250 386 
100 82 270 362 
110 50 304 370 
106 70 272 370 
98 58 274 426 
106 62 344 362 
110 62 340 354 
100 62 332 394 
94 66 354 394 
94 74 336 386 
98 74 332 354 
104 74 252 434 
108 74 262 346 
98 66 334 386 
102 74 312 346 
106 74 284 346 
102 66 306 386 
108 70 316 322 
94 74 306 394 
96 70 304 386 
100 78 282 346 
100 70 300 354 
112 62 296 354 
102 62 294 394 
102 82 294 330 
108 70 268 378 
116 58 254 426 
120 58 248 442 
120 54 264 426 
122 54 256 450 
122 58 240 466 
126 54 250 466 
130 50 264 482 
130 54 248 498 
104 78 292 338 
104 90 276 330 
118 90 234 346 
112 78 236 386 
112 86 240 338 
114 114 226 338 
116 106 242 314 
110 102 248 306 
128 106 228 346 
112 102 234 338 
114 94 250 314 
104 90 260 338 
122 70 348 314 
100 58 342 402 
94 62 364 402 
102 62 380 370 
94 70 346 394 
98 70 342 362 
106 74 350 322 
92 86 324 394 
98 82 316 346 
100 86 328 330 
104 94 304 314 
116 62 276 354 
118 74 262 338 
134 126 222 330 
148 118 224 338 
118 102 218 370 
126 98 210 450 
120 74 226 418 
122 90 220 418 
116 90 226 370 
132 94 220 378 
124 118 212 386 
114 110 228 306 
112 114 220 354 
112 98 230 370 
110 110 218 394 
112 98 242 322 
120 110 222 354 
128 106 214 434 
112 82 226 442 
114 90 224 458 
114 98 220 442 
108 98 226 394 
118 110 210 410 
110 86 250 322 
108 90 242 370 
120 82 230 394 
116 102 222 402 
134 102 224 362 
108 98 240 338 
106 102 232 386 
128 110 226 338 
114 82 234 386 
108 70 272 354 
106 70 294 354 
102 78 304 338 
100 58 318 410 
106 50 302 386 
108 66 326 330 
98 62 344 394 
96 66 314 394 
100 66 310 362 
94 78 300 402 
100 74 292 354 
122 90 280 298 
122 78 276 314 
126 94 262 298 
136 82 250 330 
122 86 230 354 
128 94 220 394 
114 86 226 402 
122 78 274 322 
138 102 230 338 
118 86 236 314 
116 90 228 362 
122 78 226 378 
116 86 258 314 
112 94 268 298 
114 110 262 298 
116 102 244 282 
114 106 236 330 
120 94 282 290 
116 54 292 370 
120 62 274 354 
110 74 276 338 
118 54 266 386 
128 58 266 362 
118 82 290 290 
134 86 284 298 
118 78 264 330 
126 98 254 306 
116 58 280 354 
110 82 274 322 
122 86 270 306 
110 90 256 314 
110 50 282 394 
114 78 282 330 
116 62 274 362 
112 66 290 330 
124 54 260 426 
118 58 254 410 
114 66 264 346 
118 70 248 370 
112 62 284 362 
106 50 278 410 
116 62 244 402 
116 66 228 418 
122 82 222 434 
108 74 228 442 
112 74 238 354 
110 78 230 402 
116 58 250 434 
106 62 270 402 
118 62 242 450 
112 70 244 386 
104 78 244 410 
110 54 268 386 
110 74 260 354 
110 90 246 322 
104 78 258 354 
102 82 250 402 
112 66 266 370 
106 82 270 338 
110 70 256 394 
106 90 232 434 
110 90 242 346 
108 106 250 314 
102 94 248 402 
98 66 338 378 
106 66 354 346 
102 74 316 338 
104 54 284 418 
114 66 254 370 
114 62 308 346 
114 62 280 362 
112 70 268 346 
112 66 322 322 
104 66 306 354 
104 74 288 346 
118 70 288 338 
114 78 298 322 
118 86 274 306 
116 74 282 306 
116 78 266 330 
114 82 252 330 
114 114 258 298 
116 82 236 346 
120 62 238 418 
110 66 258 386 
114 78 248 338 
118 70 238 402 
108 82 232 394 
112 82 252 338 
116 74 280 314 
124 62 236 450 
126 82 216 450 
116 74 232 370 
122 70 280 338 
116 70 254 354 
114 66 240 386 
108 58 256 410 
114 58 256 370 
110 62 312 362 
102 70 278 386 
112 74 318 314 
108 82 280 306 
110 74 330 314 
108 78 270 338 
106 86 270 314 
114 74 302 314 
110 82 312 298 
108 86 252 338 
102 90 278 322 
110 98 260 306 
114 90 288 282 
112 74 264 338 
100 86 252 394 
104 86 272 338 
118 50 276 418 
104 58 326 378 
106 54 292 378 
110 50 298 378 
120 50 268 418 
114 50 284 386 
108 58 306 370 
112 58 278 370 
114 54 310 346 
106 62 276 370 
106 70 312 346 
108 78 300 314 
110 70 302 338 
92 98 280 418 
92 86 294 402 
94 82 292 394 
98 90 270 354 
96 94 262 402 
98 82 286 354 
108 66 284 346 
106 66 258 394 
100 62 276 410 
110 62 252 402 
102 54 308 442 
98 58 326 418 
114 50 268 458 
112 50 276 458 
96 230 110 386 
94 234 112 402 
122 226 82 402 
100 210 88 434 
100 190 160 402 
88 202 142 410 
92 198 150 394 
86 214 142 378 
90 210 150 362 
90 214 136 370 
96 218 152 338 
94 210 144 354 
86 202 154 418 
90 198 162 402 
94 202 138 394 
98 198 146 378 
100 206 154 362 
108 190 136 402 
108 182 136 418 
100 210 166 346 
98 202 158 362 
88 222 124 402 
82 242 154 386 
92 226 136 354 
88 218 138 402 
88 222 148 354 
86 234 136 426 
90 206 124 426 
94 218 118 378 
88 238 140 386 
96 222 168 330 
98 230 152 322 
96 222 144 338 
92 238 146 346 
92 218 156 338 
86 270 192 370 
94 202 132 410 
98 214 126 362 
114 238 84 378 
110 242 86 378 
94 242 112 386 
94 206 120 394 
102 194 112 434 
100 198 118 426 
98 202 128 378 
106 206 106 386 
108 186 118 418 
112 202 90 426 
110 234 78 458 
112 218 84 418 
92 218 120 362 
96 214 128 346 
98 202 92 402 
108 194 110 402 
96 218 114 354 
104 206 106 394 
104 198 106 410 
110 222 124 330 
100 214 122 338 
108 218 100 346 
110 206 112 362 
110 198 112 378 
114 210 106 370 
100 206 116 378 
104 202 124 362 
112 194 134 370 
108 194 108 418 
110 214 120 346 
114 194 114 386 
114 186 114 402 
110 210 96 378 
112 198 108 394 
98 210 110 386 
106 198 102 426 
102 206 118 370 
112 190 108 410 
90 214 126 402 
104 206 136 346 
112 210 114 354 
114 198 126 370 
94 230 104 410 
98 238 90 402 
88 246 132 370 
96 242 106 386 
96 210 102 410 
98 230 114 338 
98 250 106 362 
100 222 96 362 
102 210 108 378 
94 242 118 370 
110 222 86 402 
110 250 92 354 
108 242 92 378 
108 210 88 402 
112 198 94 426 
114 194 86 426 
108 222 116 338 
110 210 128 354 
112 234 124 314 
102 226 122 322 
98 242 124 330 
110 230 100 330 
108 214 118 354 
118 206 108 378 
118 222 86 394 
122 258 80 370 
120 246 82 378 
110 238 76 394 
108 194 106 426 
120 214 88 386 
122 194 100 418 
114 226 106 338 
104 218 104 346 
106 206 116 362 
106 198 116 378 
124 218 82 410 
114 202 94 386 
110 246 92 362 
114 238 88 362 
106 234 142 314 
106 238 158 306 
98 238 138 330 
112 242 148 306 
102 234 146 314 
118 218 166 322 
116 210 158 338 
130 206 164 338 
128 226 150 314 
122 214 154 330 
128 190 170 370 
122 210 180 330 
120 202 172 346 
118 222 182 314 
120 230 166 306 
118 222 158 322 
114 218 170 322 
112 250 84 386 
98 238 100 394 
98 262 98 378 
102 242 112 346 
104 234 94 370 
116 242 112 322 
108 246 128 314 
106 238 120 330 
114 242 98 338 
110 238 86 386 
112 230 98 354 
118 234 94 346 
118 250 86 370 
110 262 84 370 
120 202 80 442 
118 246 88 346 
106 246 102 354 
116 254 106 322 
96 242 112 370 
112 262 78 386 
102 254 106 346 
104 246 88 370 
108 258 122 314 
114 254 92 338 
112 242 92 354 
114 274 84 362 
118 262 80 370 
116 254 84 362 
108 238 90 386 
102 198 82 434 
94 210 108 442 
116 182 94 474 
128 186 94 458 
122 182 100 442 
100 214 104 386 
108 194 96 442 
104 210 112 370 
114 194 102 410 
112 214 90 378 
92 206 130 394 
96 202 138 378 
106 194 128 402 
106 186 128 418 
116 178 170 386 
122 174 120 450 
120 178 126 426 
92 194 154 426 
108 170 166 434 
96 182 148 442 
106 166 170 498 
104 182 168 418 
110 174 156 442 
100 178 156 426 
110 170 146 450 
110 162 146 466 
94 198 128 426 
98 194 136 410 
108 178 126 450 
94 198 138 418 
98 194 146 402 
88 194 138 434 
98 178 160 490 
96 194 158 410 
96 182 130 474 
94 186 136 466 
102 174 136 458 
100 194 134 386 
106 178 132 434 
112 182 148 394 
104 194 156 362 
118 182 132 418 
102 186 148 378 
112 178 138 402 
112 170 138 418 
110 190 126 386 
108 182 168 410 
110 178 158 418 
100 186 140 418 
98 194 120 434 
96 198 130 386 
92 206 114 418 
96 194 150 418 
94 190 114 442 
96 210 126 370 
102 198 122 402 
96 202 124 418 
98 190 148 410 
92 202 128 418 
92 206 138 370 
100 190 120 410 
100 182 120 426 
98 202 108 394 
104 190 104 482 
110 166 142 482 
108 174 114 482 
110 186 114 442 
100 194 106 458 
100 182 112 474 
98 186 122 426 
110 178 106 458 
112 174 98 458 
106 190 100 434 
124 226 74 394 
98 198 110 458 
118 186 108 410 
118 178 122 442 
114 186 138 386 
124 170 128 426 
116 178 144 394 
114 182 150 386 
122 182 164 378 
120 202 150 354 
116 198 162 354 
124 174 144 410 
88 214 350 114 
96 202 350 122 
96 230 328 90 
98 190 358 154 
92 198 336 170 
96 198 388 130 
106 234 294 138 
90 218 312 154 
78 202 374 194 
78 202 408 178 
94 194 338 202 
86 206 352 162 
96 190 358 162 
94 182 356 194 
94 214 346 114 
104 186 348 178 
104 182 366 178 
90 190 362 186 
98 182 354 202 
102 178 336 210 
96 178 378 162 
86 194 376 170 
88 198 358 162 
98 198 328 194 
98 198 342 162 
112 214 298 154 
110 206 286 186 
104 206 328 138 
106 226 278 170 
72 218 388 170 
84 218 332 130 
82 190 414 170 
72 206 412 178 
100 170 220 410 
