655
45 335 559 659
167 67 489 603
195 327 65 787
157 291 481 75
99 395 349 619
125 195 587 507
169 255 273 659
115 359 317 691
103 343 383 635
179 339 243 787
153 199 497 483
97 363 377 627
175 323 413 339
177 311 261 475
131 183 463 667
149 171 453 699
99 303 419 603
209 251 387 435
153 199 513 451
155 203 425 483
163 235 327 595
99 279 477 587
145 195 505 571
139 191 543 627
139 195 467 579
135 231 355 683
171 199 369 619
143 347 293 523
129 255 527 363
153 195 403 619
145 219 487 435
99 315 355 659
151 199 401 675
89 347 479 587
143 215 471 483
147 187 547 651
147 315 289 547
97 295 423 635
97 267 437 659
161 271 449 363
97 311 423 619
143 235 301 779
149 203 471 483
89 287 547 675
129 215 463 579
99 331 421 587
151 195 409 675
153 203 353 619
163 167 489 619
181 271 311 467
137 299 273 723
209 247 263 587
133 251 513 395
145 295 537 323
107 227 519 603
143 271 477 339
161 211 341 587
143 283 457 371
99 315 433 587
147 199 455 563
159 211 343 739
139 351 351 411
123 251 501 419
181 287 329 427
141 195 435 675
115 259 525 435
129 335 303 587
137 195 477 579
99 287 475 619
169 287 319 467
151 211 517 467
117 355 305 707
121 355 313 523
143 219 453 491
165 355 297 483
151 211 433 483
147 227 339 611
163 199 439 555
173 275 317 451
151 359 331 419
181 291 301 451
131 207 487 587
161 199 441 547
157 227 357 539
151 391 309 443
175 207 341 659
159 295 291 555
127 203 493 523
91 363 413 579
135 211 379 707
123 307 297 659
101 331 399 651
145 215 461 507
97 287 439 627
139 267 299 731
179 307 447 307
153 223 349 587
115 235 383 635
107 311 367 627
101 359 391 635
151 231 349 603
149 323 487 323
103 315 417 539
123 287 331 683
123 323 315 611
159 203 521 427
145 227 423 467
147 219 459 467
123 203 537 611
99 291 409 651
141 295 495 339
125 347 559 371
171 335 289 491
131 219 453 571
127 199 463 619
117 251 407 619
123 223 403 667
137 351 507 355
145 219 513 427
165 291 287 619
169 291 451 347
153 203 441 571
169 211 389 523
137 275 323 643
183 203 363 507
161 231 407 483
173 227 467 435
97 235 481 627
123 215 479 619
141 271 503 379
125 359 357 451
179 187 433 539
105 323 409 531
105 311 487 427
137 207 423 619
103 335 461 475
161 211 415 515
111 327 419 459
159 187 439 635
149 211 417 611
167 255 295 531
139 279 373 459
119 363 315 667
167 351 301 483
167 259 273 691
115 255 379 731
163 235 357 523
167 303 269 683
143 207 403 651
141 195 385 699
121 267 513 451
149 211 413 643
107 327 341 691
159 191 429 595
155 207 349 699
159 195 453 475
103 295 409 603
173 279 287 611
163 291 319 459
107 251 541 515
143 199 477 563
171 191 413 675
149 355 345 419
149 187 429 691
165 251 299 619
105 351 389 587
145 319 329 475
137 315 571 339
145 187 557 643
135 211 409 651
167 291 289 611
133 315 315 587
107 295 407 611
125 315 343 539
177 279 289 603
149 283 295 651
175 163 419 675
145 307 317 531
125 223 471 563
145 335 283 571
127 199 465 595
105 303 395 603
127 283 317 691
177 307 259 667
139 307 321 555
125 211 529 523
127 215 439 619
111 311 417 507
165 187 457 595
121 287 389 523
153 191 443 619
107 295 447 499
105 299 451 539
173 179 467 587
169 251 295 579
131 219 485 523
123 239 487 467
107 323 367 619
173 203 395 595
97 319 471 587
173 291 287 603
109 335 433 475
145 311 341 483
107 235 447 643
145 223 337 667
113 231 437 619
133 263 485 419
171 291 305 523
129 259 345 643
129 219 481 563
105 351 403 523
105 359 381 547
157 255 295 651
133 279 311 659
107 311 405 523
127 303 411 435
109 259 619 475
125 299 417 435
123 219 471 627
155 187 461 643
95 311 537 627
133 335 309 507
139 307 325 515
133 315 441 395
137 267 355 539
167 267 289 635
119 219 491 579
131 299 415 427
145 215 341 619
117 331 377 491
145 295 327 523
123 283 387 507
131 215 443 579
131 275 329 627
115 331 345 515
125 291 387 467
143 247 463 443
189 267 359 427
127 343 343 531
99 335 447 539
107 291 439 547
131 231 477 499
137 287 341 539
131 315 457 387
125 283 393 483
109 319 353 651
107 295 357 643
173 275 285 643
137 347 369 427
107 335 397 483
129 271 339 643
169 299 281 595
131 279 327 603
177 207 299 683
165 311 273 683
111 379 377 531
101 279 467 611
137 271 373 491
151 291 327 515
125 359 305 635
151 339 297 523
123 231 389 667
119 247 471 475
121 215 531 611
121 315 473 387
111 251 485 539
147 251 359 531
139 283 297 691
135 319 327 539
127 343 341 547
145 247 479 419
141 327 381 403
129 335 445 363
93 323 463 531
139 303 445 395
151 335 437 363
105 291 479 531
157 339 337 379
167 291 381 395
153 335 341 435
139 275 357 531
163 307 277 523
129 207 459 651
149 327 267 691
177 235 371 467
117 239 491 555
121 335 353 475
103 307 437 539
119 219 611 483
127 239 475 483
115 239 445 587
155 255 347 491
165 251 373 467
105 279 505 515
95 259 567 635
165 267 467 355
113 319 381 579
139 231 465 467
143 283 329 515
147 215 399 603
145 287 451 387
129 339 343 491
129 279 387 467
119 219 425 643
139 267 333 619
163 227 333 611
151 199 421 611
145 235 411 475
115 323 417 491
117 247 445 579
109 363 371 611
139 267 351 555
153 251 381 451
131 267 415 475
145 299 289 707
135 347 375 427
127 267 343 683
105 215 527 707
139 271 363 499
119 247 403 627
181 231 449 427
115 343 505 403
111 283 357 707
145 327 377 427
151 315 357 419
135 239 443 491
157 315 269 723
161 255 517 347
165 303 299 507
109 259 395 667
151 311 381 427
159 211 393 595
129 259 495 427
125 239 367 683
155 263 303 659
141 331 373 435
159 219 361 555
99 311 473 563
129 319 355 531
173 251 397 427
159 239 333 611
145 299 315 547
185 211 449 475
105 295 567 491
139 219 473 547
143 247 429 459
151 255 405 451
137 303 335 515
135 319 325 563
169 235 403 459
121 259 403 507
141 203 455 643
139 323 453 363
169 275 339 483
107 271 451 547
139 303 341 507
151 327 343 427
131 255 467 459
181 303 381 387
119 231 517 531
117 251 417 539
151 243 327 667
105 287 459 579
125 307 365 523
125 287 373 523
131 231 499 475
101 327 449 579
147 331 399 387
101 303 505 563
125 247 413 531
123 235 459 523
113 311 401 547
155 291 281 651
157 275 339 507
153 303 413 403
109 295 455 475
119 275 449 483
143 223 359 739
145 235 363 555
121 259 391 611
151 323 347 419
117 271 393 587
119 259 409 563
125 303 369 523
131 279 379 499
115 247 423 611
177 279 387 435
161 347 323 379
111 247 491 619
153 215 397 603
147 275 295 667
145 291 293 667
115 327 359 539
125 251 407 603
153 263 291 683
129 331 371 443
151 311 383 419
111 331 391 539
109 271 447 555
159 247 449 435
139 351 317 451
123 263 401 571
141 291 491 371
147 295 407 427
137 251 353 643
133 255 499 451
159 283 375 451
107 347 359 619
109 291 461 539
143 227 441 491
149 203 441 651
125 323 361 491
137 219 509 483
159 275 289 683
127 247 441 523
151 263 357 491
119 227 461 595
135 271 391 483
131 239 429 515
139 283 407 443
131 295 427 419
129 295 405 443
105 251 459 659
165 207 419 603
127 235 423 579
125 259 381 659
117 287 353 619
119 339 341 603
161 323 327 459
141 295 455 379
115 299 427 507
131 279 471 443
153 267 465 403
143 259 335 627
157 259 441 435
135 239 427 523
133 299 331 587
119 239 419 563
113 279 413 603
137 207 419 635
147 267 337 571
103 291 475 595
143 259 353 539
161 295 417 403
137 331 293 563
143 243 499 443
115 311 361 595
149 255 407 451
147 207 441 571
129 315 357 531
159 347 327 475
109 307 427 491
137 231 347 659
141 199 459 603
153 267 419 435
139 283 307 619
117 279 373 675
169 211 353 563
131 223 429 603
125 215 449 683
137 383 337 371
129 235 457 523
101 355 445 579
173 247 455 411
107 271 449 587
115 279 431 539
169 243 463 339
117 271 437 515
121 299 375 459
133 307 367 515
131 247 449 499
155 287 417 419
125 279 379 563
133 303 361 547
119 223 527 475
129 299 477 403
157 319 329 403
119 335 485 427
135 291 349 515
127 227 483 523
151 267 455 443
115 263 383 619
111 267 425 571
121 299 471 443
161 291 329 467
129 279 349 603
127 223 455 555
139 259 421 483
163 247 411 427
135 299 333 555
157 271 407 435
131 343 341 515
151 211 373 675
145 259 395 467
143 259 405 483
133 331 329 523
103 303 505 539
155 247 417 459
161 279 413 411
139 303 469 379
127 271 447 459
117 287 405 515
107 279 503 539
121 323 435 435
135 311 301 635
137 279 319 611
129 275 341 627
125 267 381 603
137 267 323 659
127 291 439 411
117 295 391 579
115 275 415 579
115 215 547 611
125 343 447 403
123 247 443 523
117 311 377 579
99 291 457 611
143 287 387 451
117 291 443 507
139 255 455 467
141 279 487 395
111 291 465 523
135 335 337 491
101 367 485 451
133 203 451 651
137 287 365 483
137 263 465 443
123 307 349 571
109 283 515 467
117 299 485 467
135 279 357 507
141 219 467 515
123 295 461 451
117 303 419 507
121 231 409 731
151 283 417 427
159 375 263 595
155 295 331 483
113 327 365 611
125 363 443 419
117 283 473 491
139 259 395 555
109 291 469 531
133 295 373 515
127 251 419 515
137 227 433 539
155 339 411 363
165 283 335 475
125 259 387 579
143 247 395 507
151 319 287 539
113 267 483 539
121 295 371 539
173 327 443 371
135 339 393 403
101 359 481 491
139 259 343 739
133 287 335 587
139 235 427 523
133 279 359 587
145 307 341 499
115 355 339 603
113 367 387 507
171 339 261 579
125 291 467 443
139 251 393 571
153 287 319 563
119 283 459 475
153 275 325 579
141 243 415 555
139 215 485 531
157 283 317 611
141 291 353 507
133 295 355 563
129 247 373 635
151 279 309 651
119 295 337 715
139 219 415 627
131 251 383 587
129 295 369 579
141 267 363 483
143 271 341 603
159 311 445 379
123 283 359 643
151 303 425 387
141 323 313 483
173 307 301 499
147 275 319 595
117 263 455 515
143 251 319 667
143 255 389 523
165 287 325 475
149 251 349 579
155 295 301 635
135 227 481 547
133 295 369 547
139 227 385 651
143 227 433 523
141 275 423 467
159 279 461 427
153 263 335 579
123 351 443 427
163 279 323 579
127 287 375 515
137 303 395 419
161 311 259 747
143 231 423 563
105 271 457 611
151 323 389 387
147 315 375 435
107 259 397 635
135 287 375 491
145 315 351 443
137 331 441 379
139 255 347 563
157 227 471 459
149 307 399 411
143 279 401 435
127 327 341 563
115 287 491 515
155 279 359 467
119 311 437 483
175 239 333 515
107 331 327 643
149 235 403 499
167 355 423 355
121 283 475 451
145 219 427 587
123 247 467 499
129 271 375 571
127 279 441 459
131 291 369 563
117 323 395 483
155 299 293 539
137 335 347 475
141 255 453 467
133 343 407 435
141 231 427 523
131 267 439 459
129 323 335 587
127 287 327 675
133 247 409 571
127 279 371 603
127 319 325 619
107 275 529 539
133 259 417 499
117 259 503 491
135 267 397 555
117 247 409 603
141 263 387 523
183 295 283 611
151 239 361 595
141 263 471 435
145 291 307 595
127 263 457 475
