1528
97 323 449 507
115 311 361 539
107 287 385 579
111 291 375 571
109 267 407 547
113 299 387 523
121 331 335 523
135 259 353 515
133 251 361 507
123 267 357 531
129 255 373 475
129 271 353 499
135 259 353 515
121 263 391 507
111 255 399 555
113 307 379 515
127 323 341 483
109 295 415 483
121 291 353 547
125 275 323 619
117 295 355 579
133 247 329 571
117 263 375 555
125 287 375 443
139 291 385 419
157 303 337 435
141 323 339 435
153 319 269 667
113 299 391 491
115 319 391 475
121 303 411 419
117 311 399 435
127 263 385 475
115 267 415 475
123 303 395 411
117 339 393 395
125 327 417 363
115 311 415 427
123 319 403 387
121 315 425 395
117 319 405 411
115 303 397 467
109 307 419 443
115 299 447 403
113 311 449 395
117 307 431 403
111 327 421 411
107 315 431 419
111 303 411 443
99 327 429 443
111 311 425 411
115 291 445 419
111 319 419 427
105 315 433 451
105 283 453 459
103 311 407 547
107 319 411 491
107 295 417 499
111 303 425 427
117 315 403 427
113 279 421 427
123 307 437 395
135 319 331 459
135 319 305 515
121 307 349 491
119 299 355 499
123 303 345 491
137 287 343 475
127 295 359 475
123 299 349 547
121 275 361 515
111 299 397 475
121 295 387 451
133 307 381 419
121 311 357 467
133 275 323 515
137 287 359 459
135 291 339 491
131 303 323 491
129 295 339 507
125 291 345 491
119 315 377 443
123 299 375 451
121 303 379 451
131 291 355 459
129 303 337 475
115 327 383 459
133 323 391 379
135 331 413 355
123 331 361 427
117 295 395 459
133 255 367 475
127 271 377 475
127 379 371 403
125 379 357 427
115 343 393 435
119 303 421 419
117 319 395 427
121 303 393 435
123 323 423 379
133 323 363 403
131 299 385 403
115 355 387 427
111 335 391 443
105 327 425 451
113 299 415 435
129 299 393 411
121 307 385 427
109 319 399 443
115 331 383 443
119 295 363 483
107 299 413 459
115 315 395 459
113 327 403 427
123 299 381 443
129 283 365 467
119 307 415 411
119 287 387 459
113 303 403 435
107 287 419 475
119 283 369 499
147 295 319 499
113 311 387 499
119 323 375 443
113 311 397 443
127 299 413 411
121 311 373 435
107 323 425 443
113 335 403 419
117 307 391 443
117 327 371 411
125 315 383 395
127 307 349 427
137 307 351 419
131 339 353 419
129 327 367 395
139 319 355 387
129 303 349 427
115 315 377 491
115 279 383 499
125 299 327 507
111 311 403 451
117 311 387 459
135 327 397 371
137 319 381 387
137 327 377 387
141 343 349 419
137 319 353 403
143 323 339 427
141 339 337 443
133 343 345 427
135 307 347 427
135 351 381 371
137 335 375 379
111 363 417 419
115 359 401 411
121 335 387 395
117 347 407 387
125 351 399 363
137 303 361 411
131 363 339 467
113 299 395 475
117 279 371 531
113 307 365 539
113 327 375 475
113 319 395 467
117 311 353 515
111 311 391 523
117 319 365 499
119 323 347 531
113 283 403 451
115 275 401 483
117 255 397 491
131 291 345 467
127 283 379 451
119 283 375 475
125 283 367 459
125 307 347 459
121 283 371 475
115 267 393 507
123 255 377 507
125 255 367 515
125 283 361 475
119 259 395 499
127 287 349 499
125 251 375 483
125 279 355 507
123 335 453 371
115 331 445 403
121 307 365 467
121 299 357 491
113 279 395 515
123 307 357 467
117 315 369 467
113 323 371 483
111 323 383 467
113 311 373 515
109 303 395 499
117 327 417 403
119 311 439 395
115 275 389 499
117 279 397 475
117 295 369 475
117 283 433 419
123 307 417 403
117 303 415 427
109 303 439 411
121 307 449 379
119 303 431 403
115 327 469 371
111 299 451 419
109 311 409 491
111 331 405 427
107 311 401 499
113 271 385 539
111 291 389 531
107 295 397 515
111 291 417 467
117 299 357 523
111 275 385 563
109 339 391 507
119 339 367 475
117 343 349 523
97 355 467 483
109 355 429 435
145 279 343 467
127 303 441 379
119 291 435 403
123 279 373 475
141 303 393 387
143 307 403 379
123 287 367 491
123 295 385 467
119 263 363 555
125 287 337 531
129 307 315 547
121 315 389 419
131 279 363 451
129 295 391 435
131 283 375 427
127 259 395 451
131 251 369 491
127 255 391 459
127 275 373 467
131 279 361 467
119 299 407 427
137 323 379 395
139 331 367 379
147 319 401 363
141 323 397 371
139 315 395 379
141 307 383 403
129 291 421 387
125 307 385 395
135 303 383 419
133 295 393 419
145 323 393 371
125 343 403 379
129 315 429 371
121 327 423 395
121 303 419 403
121 323 401 411
125 319 381 411
131 331 387 363
129 343 397 379
143 327 353 395
131 343 363 395
137 347 341 419
133 351 375 387
119 315 413 411
129 335 399 387
129 347 407 355
123 343 439 371
121 351 433 379
135 343 421 347
123 331 393 395
123 323 391 411
117 263 391 515
109 271 431 443
103 291 441 459
113 291 455 411
115 255 411 491
103 291 445 443
103 275 441 491
119 227 413 531
111 243 401 603
119 227 423 499
115 223 415 531
115 227 403 587
111 227 445 547
133 223 413 435
127 227 397 475
127 211 423 443
123 235 425 419
139 231 379 443
121 203 467 459
121 203 431 467
107 219 485 459
113 211 471 475
109 215 479 435
119 267 453 379
107 263 489 395
107 259 511 403
111 243 499 395
111 271 535 387
111 259 399 491
123 247 387 475
119 195 495 499
137 207 407 459
117 239 417 491
115 199 493 523
119 191 477 555
95 243 461 603
107 231 445 571
135 275 543 323
135 263 457 363
135 251 469 355
135 267 413 395
129 271 431 395
133 271 397 411
131 275 409 395
125 279 419 395
137 303 443 363
125 247 451 371
131 243 417 403
111 275 487 411
125 259 437 403
123 263 465 379
113 267 425 459
109 243 457 443
117 247 419 459
121 251 441 395
127 243 427 411
113 247 465 411
119 279 439 419
109 235 433 563
125 255 497 355
135 267 481 347
141 243 433 363
135 231 419 403
119 287 415 427
109 283 447 435
111 227 467 475
111 239 439 515
109 223 443 555
113 267 449 419
115 235 445 443
115 251 443 427
117 255 451 403
117 271 441 427
105 279 477 451
109 251 455 443
101 235 463 563
107 255 431 491
109 243 421 555
101 259 487 443
115 235 497 379
119 251 501 371
117 271 529 371
109 291 487 395
107 303 499 387
109 295 481 411
105 291 467 435
95 271 497 443
93 263 501 483
107 307 491 387
103 299 485 411
101 295 469 451
111 283 511 387
101 283 485 443
105 271 491 411
105 267 549 395
113 295 499 387
105 291 497 395
103 287 459 467
101 291 493 427
119 259 481 379
121 299 451 379
117 295 477 379
91 283 503 539
111 211 491 451
115 195 485 531
105 243 499 411
107 211 471 491
121 215 449 419
117 211 441 451
103 259 505 427
107 251 459 451
109 231 461 475
99 251 527 427
115 223 463 403
125 247 447 387
113 251 467 403
119 227 509 371
103 227 489 491
105 231 487 475
101 231 491 523
101 239 501 435
107 219 507 427
101 235 499 491
135 267 451 363
129 215 481 379
129 235 421 419
131 207 437 435
121 251 425 419
117 219 477 387
133 207 483 395
123 207 499 403
117 211 495 395
121 219 475 379
113 231 515 379
127 227 451 387
117 231 461 411
113 227 483 411
117 207 451 435
131 227 443 387
123 211 461 427
129 231 475 363
123 235 521 355
125 215 537 355
119 223 525 371
129 243 461 363
113 211 477 427
129 219 465 403
119 235 445 395
137 231 467 379
123 211 483 379
125 215 445 411
125 203 473 411
115 211 533 411
105 223 501 459
121 203 501 371
113 215 513 403
119 199 443 507
119 211 435 459
115 207 433 507
123 199 427 467
131 199 433 451
129 235 435 411
111 251 463 427
129 255 441 379
105 227 503 451
113 251 495 395
119 203 507 419
115 231 457 443
107 227 473 419
119 259 443 411
121 235 469 379
115 239 447 411
125 223 443 419
119 247 443 435
123 227 437 411
123 247 449 387
137 243 467 347
127 227 479 355
119 255 493 363
123 219 471 371
125 207 475 403
127 215 471 387
115 219 509 411
121 211 483 395
125 211 451 427
127 207 485 363
135 215 447 403
121 219 467 387
121 231 481 363
131 247 505 347
127 263 495 339
105 263 517 403
105 283 487 435
115 279 479 379
111 287 511 371
99 267 481 459
99 255 491 499
103 259 507 419
107 283 523 387
101 263 519 411
99 247 525 475
103 243 473 483
101 227 497 499
97 235 531 483
111 239 509 411
121 279 423 419
139 243 421 395
123 263 429 403
103 275 445 483
105 287 437 459
89 251 521 571
99 231 499 531
97 255 541 459
97 275 489 483
97 271 465 491
125 187 445 555
103 231 457 627
111 227 411 651
107 227 445 635
109 223 429 635
125 203 425 547
109 231 431 603
117 219 401 627
133 259 357 515
123 263 379 499
109 243 429 523
147 195 369 539
109 267 443 451
107 247 409 595
105 287 395 595
127 235 343 627
101 243 439 547
95 271 457 515
109 251 415 547
101 263 433 563
105 255 425 571
107 263 417 539
103 263 453 491
111 259 429 475
107 251 403 595
105 271 409 531
101 287 447 491
107 303 393 563
111 271 391 539
105 271 397 539
101 299 419 563
99 291 407 579
99 307 425 507
109 287 417 491
111 295 409 459
117 251 399 539
121 271 395 459
107 263 437 459
101 243 463 539
105 263 463 467
117 247 391 547
115 247 395 547
119 251 389 539
103 251 415 579
97 279 437 555
105 259 441 475
119 275 389 475
109 271 417 523
109 279 409 499
109 239 443 499
105 263 429 499
101 267 453 515
105 235 453 491
103 243 427 547
105 239 427 547
105 243 449 523
97 251 443 523
103 239 447 579
99 243 461 579
103 259 451 507
107 271 427 451
121 275 395 427
119 259 415 459
109 271 421 459
115 267 439 451
105 271 423 499
117 287 429 419
105 267 419 507
115 263 417 475
103 259 465 491
105 251 467 459
113 247 411 499
101 267 421 539
97 283 455 507
111 255 435 475
103 247 431 515
99 247 467 523
101 219 497 531
91 251 519 531
99 235 487 539
103 227 481 531
103 235 501 475
105 247 453 475
103 235 471 531
103 223 513 499
95 227 471 563
97 239 477 507
109 255 453 451
99 271 439 507
95 259 483 531
97 311 431 571
117 283 389 483
123 279 389 467
91 271 503 587
113 215 427 563
111 219 441 579
101 275 437 515
101 295 453 475
97 283 435 555
127 227 379 555
129 211 391 571
109 267 387 611
103 279 413 579
129 223 353 643
119 219 411 579
121 219 397 571
135 239 341 587
117 247 405 499
111 231 415 555
125 275 379 467
121 215 415 547
113 263 397 531
107 283 411 507
115 291 395 491
105 299 415 515
99 267 435 531
117 279 391 483
99 291 431 531
113 275 393 523
115 271 411 435
107 275 425 483
105 283 411 523
121 271 405 435
113 271 419 483
123 263 385 491
109 275 415 523
105 275 445 467
103 243 451 515
103 251 469 467
93 279 447 531
91 275 511 499
95 267 491 499
105 295 443 427
103 295 429 483
105 287 433 491
111 267 435 467
111 271 459 427
101 291 457 475
99 299 435 499
103 303 427 491
99 279 451 483
107 283 425 459
99 295 431 515
117 303 395 443
125 235 389 523
119 223 421 523
89 279 505 619
89 295 497 571
91 279 487 571
103 287 419 515
117 263 381 547
113 231 425 531
111 239 405 531
115 227 399 603
109 219 447 547
117 211 429 547
105 219 467 547
113 219 425 539
117 231 411 523
111 239 417 523
115 219 413 603
113 239 383 563
113 227 413 563
117 231 397 571
117 223 409 571
131 215 373 651
119 231 371 627
111 247 395 619
109 239 423 531
107 259 423 507
113 235 415 523
105 243 435 531
109 255 409 555
119 235 405 483
117 235 389 595
117 247 401 507
115 235 405 563
125 263 359 547
107 251 449 499
103 227 465 539
95 267 473 539
99 255 467 515
95 255 489 523
99 247 457 531
101 259 469 475
105 231 455 539
101 239 469 499
101 235 489 499
93 239 499 555
93 267 485 579
95 251 469 595
115 215 427 507
111 203 483 459
133 227 405 435
131 307 405 379
105 283 475 443
107 287 471 427
107 287 435 435
111 279 451 427
135 287 465 355
135 191 417 539
147 223 425 411
121 207 479 419
133 187 451 451
127 195 467 459
133 199 387 539
131 195 421 595
129 219 391 515
129 203 399 563
135 203 367 603
135 195 405 539
139 183 427 523
155 235 365 451
131 223 457 395
133 231 439 403
139 211 391 443
129 255 397 443
139 223 351 579
139 219 363 523
135 183 419 563
125 207 413 547
119 207 409 595
155 207 335 571
129 191 425 603
113 295 377 531
117 287 379 499
117 271 403 443
117 271 401 483
121 263 415 435
115 263 411 483
131 223 375 499
129 279 403 411
129 263 385 459
119 255 419 451
121 259 393 467
127 251 417 411
125 239 385 523
133 211 363 595
125 255 373 507
137 239 347 515
139 231 361 491
117 247 423 451
119 247 381 579
107 267 415 555
111 251 423 491
125 247 385 491
129 231 363 499
123 267 379 483
125 243 371 547
119 267 355 563
115 267 383 539
121 251 375 515
119 267 403 459
113 275 407 483
123 251 413 443
117 275 393 491
103 219 487 603
103 239 439 683
113 199 455 547
113 227 423 539
121 223 409 491
131 199 387 627
117 207 417 627
135 227 347 579
133 207 373 603
123 231 371 563
123 215 459 411
113 235 461 443
117 263 457 395
133 239 455 379
119 255 429 427
111 219 473 483
135 207 373 555
123 223 389 555
131 207 393 475
119 231 391 531
113 223 435 515
131 263 385 435
131 263 393 427
131 263 397 419
121 259 417 435
131 263 393 427
139 239 393 419
135 243 437 371
125 243 411 427
131 255 393 443
127 271 391 443
129 255 395 451
119 251 435 435
129 255 409 411
119 251 439 427
113 231 453 475
115 239 459 387
113 243 445 427
121 239 441 411
117 263 435 435
115 251 441 435
113 227 427 483
109 247 447 459
107 227 447 555
107 235 443 531
105 223 467 483
101 251 497 491
111 231 455 459
103 243 495 459
117 231 459 419
109 251 465 419
107 215 451 491
113 203 501 435
111 239 453 451
99 247 471 515
103 251 493 451
109 235 447 483
109 235 461 451
111 231 435 531
101 259 461 499
113 235 431 459
105 235 445 555
95 239 505 547
113 215 445 531
119 203 461 467
115 211 453 467
105 239 493 451
113 231 469 435
117 203 447 475
111 235 445 467
125 207 467 411
117 211 493 411
111 223 477 435
119 219 457 419
113 223 461 459
105 243 479 443
143 211 363 499
129 195 435 555
139 215 355 531
143 215 349 531
151 211 325 531
137 235 361 483
139 227 341 531
147 227 347 499
139 239 347 507
141 231 351 499
143 227 343 523
153 223 343 515
131 223 367 523
141 231 359 467
135 211 375 531
149 231 323 491
161 235 441 371
165 231 397 419
143 203 351 635
153 187 379 651
123 255 399 419
137 243 427 395
143 223 431 419
147 251 403 387
109 283 407 515
117 239 431 443
119 243 413 475
119 231 417 467
117 219 447 427
135 207 381 539
145 199 377 523
107 207 469 547
123 191 477 539
121 187 487 499
103 223 479 571
111 219 433 595
109 223 441 571
129 199 403 515
129 191 439 563
125 191 457 507
119 211 467 419
127 207 401 555
117 203 439 531
113 223 431 523
111 211 467 523
123 195 423 571
121 195 453 507
131 195 433 467
131 179 441 483
141 191 443 475
123 199 489 451
125 195 471 467
121 195 487 459
133 187 483 435
115 223 447 459
127 187 477 475
141 235 457 355
149 215 463 379
147 195 467 419
145 191 481 411
159 211 427 403
147 231 445 379
145 207 457 387
131 199 495 435
141 211 463 411
135 207 415 443
123 195 445 475
139 207 375 507
137 239 381 443
135 227 367 515
137 219 409 451
133 215 387 459
127 239 381 507
121 231 403 491
121 243 397 467
129 247 379 491
127 243 387 475
125 215 381 531
121 231 405 451
127 211 393 499
121 215 419 427
137 199 379 579
125 231 391 523
125 231 393 483
127 211 397 491
139 203 411 483
121 227 417 467
125 211 415 483
131 203 421 443
127 199 429 459
127 235 389 507
133 223 433 411
133 203 389 507
141 195 395 483
131 203 391 579
143 199 437 427
143 203 433 411
117 251 415 491
121 235 395 499
129 203 401 507
123 211 407 523
119 231 413 483
127 203 431 443
125 227 417 435
137 215 411 451
125 215 399 483
119 243 427 443
117 251 417 467
125 223 407 459
127 243 403 427
135 195 405 539
135 187 421 539
133 203 405 491
119 211 407 587
127 203 409 571
129 203 411 491
123 183 513 475
127 183 461 523
133 191 463 435
145 223 447 379
137 251 375 467
131 227 431 411
151 195 393 467
143 215 335 571
137 227 363 523
133 239 353 555
143 211 351 563
145 203 337 555
147 199 355 563
145 195 359 595
153 191 393 515
139 199 411 507
131 227 399 459
141 203 383 427
129 227 389 467
135 211 385 499
147 223 363 475
149 219 411 411
145 211 353 483
145 219 381 435
141 235 385 395
157 211 379 443
155 223 399 411
147 199 397 451
149 203 419 411
151 219 375 427
145 199 419 467
155 199 365 499
137 227 349 563
147 191 403 523
151 251 369 427
139 247 389 419
137 187 381 531
141 203 373 547
143 211 365 459
137 203 401 499
147 199 389 515
141 215 375 491
143 203 373 491
163 199 359 539
145 203 357 507
149 195 377 515
153 211 345 523
135 231 403 411
157 231 407 379
149 227 413 395
139 251 409 387
133 271 411 403
131 247 415 371
135 255 387 411
129 259 391 443
135 283 393 395
133 235 389 435
139 247 411 363
143 247 371 435
145 259 383 403
131 251 413 403
127 247 417 419
145 223 407 419
131 235 415 419
143 227 401 419
135 239 411 403
147 271 361 427
149 247 371 419
133 191 391 627
145 191 421 467
149 191 403 507
147 223 321 675
157 271 327 459
167 259 343 467
139 239 369 475
129 227 383 499
127 251 367 515
133 235 361 555
129 239 361 539
131 243 355 523
149 239 349 443
163 223 343 507
147 239 361 435
143 227 357 507
135 223 381 467
135 267 373 451
129 267 379 459
131 259 375 443
127 251 395 467
133 259 369 467
145 243 347 475
135 255 355 499
129 283 369 451
141 267 341 475
135 259 361 475
135 275 355 483
137 259 361 435
143 263 345 443
141 255 337 491
141 271 355 467
149 295 341 459
127 239 377 515
135 243 365 483
137 263 387 395
133 259 379 427
135 251 379 459
141 295 371 411
123 239 377 555
137 243 355 483
137 211 371 499
135 235 361 507
131 211 385 563
129 227 369 555
125 243 385 499
127 239 369 523
141 251 343 475
139 271 359 459
143 287 381 419
141 275 359 451
149 279 401 387
153 287 377 411
147 275 381 403
133 267 375 427
125 283 381 451
127 279 381 443
131 271 365 483
147 235 347 467
139 251 367 459
141 255 361 443
149 287 335 483
155 263 341 467
137 251 349 499
137 255 339 515
135 243 351 539
123 279 391 443
143 247 337 507
141 223 333 619
161 267 319 499
139 211 355 539
139 247 365 467
139 255 367 427
143 231 353 459
135 235 359 563
139 247 335 531
133 231 349 587
139 219 353 555
125 247 381 515
117 259 385 523
121 247 383 523
135 235 375 483
143 251 331 547
151 263 319 531
129 231 411 435
133 235 461 371
139 235 355 523
135 255 383 443
139 251 371 443
145 223 427 411
145 211 443 395
141 211 437 419
137 227 425 403
137 231 433 395
155 219 401 419
153 223 415 403
159 215 423 403
151 279 273 683
153 311 267 707
137 279 293 699
143 275 291 667
147 299 273 707
141 235 303 667
131 287 291 691
139 243 337 571
147 239 319 579
151 231 313 627
133 239 337 619
129 231 351 707
117 223 393 587
119 215 381 611
121 215 377 603
109 235 415 627
113 223 417 619
121 203 417 619
145 223 325 635
149 227 321 619
157 227 315 627
149 251 291 667
149 235 317 603
141 239 323 587
151 235 307 627
125 255 319 683
123 251 363 563
161 279 275 635
149 287 279 611
159 287 265 627
157 291 275 627
135 303 291 643
121 255 343 603
115 251 363 619
121 239 369 587
113 259 369 699
113 283 371 571
119 247 363 603
125 255 341 555
121 239 355 659
129 239 339 611
125 235 357 619
133 263 309 619
125 247 339 619
115 255 375 571
109 283 365 635
115 263 357 659
107 275 395 611
109 275 375 595
135 315 321 515
121 251 363 571
119 283 325 691
125 251 321 683
133 255 297 699
115 255 355 707
115 275 339 699
121 275 313 715
113 279 351 643
117 275 349 627
115 295 327 691
111 263 379 619
117 271 339 635
111 287 341 643
119 283 331 659
109 279 359 659
121 287 323 627
121 279 325 643
121 283 323 675
103 251 405 627
113 247 375 635
111 263 367 707
115 275 349 683
109 275 361 715
109 271 377 635
107 279 385 619
101 243 415 611
99 251 441 675
101 263 405 659
109 243 405 627
109 223 421 675
99 247 455 667
109 231 429 611
113 231 393 651
113 235 397 627
99 267 407 611
113 235 405 603
109 235 403 643
115 231 385 611
109 243 419 587
101 239 447 587
101 227 463 619
103 243 409 683
117 231 381 683
107 239 417 651
109 259 399 603
105 259 407 595
107 267 387 627
113 279 383 555
113 279 375 571
95 287 431 595
97 271 429 635
99 303 395 643
103 267 401 619
103 279 401 611
105 299 389 603
105 303 393 571
107 287 379 619
109 283 379 587
123 255 345 587
135 275 351 499
133 259 329 547
115 259 391 523
121 279 355 547
123 263 363 547
121 279 377 507
129 271 377 467
123 247 349 571
121 271 357 531
125 267 349 539
119 267 367 523
125 283 349 507
145 295 333 475
125 251 349 555
133 251 347 523
117 259 371 571
127 247 341 539
127 267 353 515
129 263 349 531
141 267 321 523
135 259 327 547
127 255 359 523
131 247 337 563
139 267 331 507
131 243 333 587
121 243 355 603
125 243 351 603
121 259 335 595
123 263 329 603
127 291 333 571
109 283 387 579
123 291 355 515
119 259 375 531
141 259 333 539
119 223 383 571
107 243 421 595
117 235 395 571
113 247 397 547
113 239 379 603
117 267 381 499
145 239 315 643
135 259 315 603
135 243 329 595
135 247 307 627
139 235 315 651
125 243 355 571
135 263 335 515
127 275 387 451
121 259 365 539
129 275 349 507
125 267 393 443
125 267 357 491
133 271 353 491
135 283 315 539
145 263 313 563
127 251 329 603
115 263 361 611
111 255 387 619
127 247 331 619
119 251 345 619
127 259 313 651
121 267 329 659
127 263 305 683
117 255 353 667
125 279 321 635
125 243 339 635
119 279 333 587
115 263 365 563
115 271 355 603
115 275 361 555
119 271 339 555
117 279 337 603
125 275 327 611
141 255 335 515
147 271 317 515
147 287 321 491
131 275 315 611
129 255 311 635
145 287 287 587
143 243 297 619
135 243 325 635
115 227 411 579
125 243 363 555
125 227 371 587
129 255 339 595
139 279 303 555
143 271 313 555
135 267 317 563
137 243 309 587
137 251 327 563
141 239 337 571
141 247 301 579
127 223 355 579
137 247 299 603
131 263 335 539
123 255 351 555
155 255 321 539
133 239 349 579
133 251 307 635
129 259 337 563
117 255 355 595
121 243 379 547
119 239 373 603
123 251 373 547
141 275 311 515
135 287 331 499
143 295 343 459
149 283 307 515
145 271 297 587
157 263 293 571
151 327 283 571
131 291 315 595
153 323 289 547
151 299 283 587
145 303 291 531
131 255 327 555
137 279 301 579
153 283 315 507
137 263 343 499
157 287 283 563
155 291 281 579
131 283 329 539
125 283 307 643
127 287 301 651
137 307 281 667
147 283 275 643
143 283 283 643
151 327 271 635
161 311 275 571
143 299 277 603
129 259 331 595
153 279 289 563
145 275 289 571
143 279 327 499
127 267 317 587
139 295 287 563
129 271 323 563
143 279 295 539
143 271 299 563
143 287 295 507
137 283 325 499
141 275 293 563
145 271 311 547
129 243 345 563
141 255 315 555
149 255 297 587
139 275 303 571
139 275 319 555
139 279 293 595
121 247 355 579
125 271 341 515
121 255 373 547
119 247 365 587
117 251 363 579
121 267 349 579
137 291 291 619
95 315 435 579
95 311 425 595
91 311 459 627
97 323 425 571
91 275 479 619
91 271 475 635
93 271 471 595
91 287 479 611
89 291 483 635
107 283 391 603
157 275 295 555
147 271 315 539
111 267 363 587
115 271 379 547
115 247 371 595
105 251 379 635
117 247 367 587
117 255 381 555
109 255 407 563
121 259 369 531
129 271 329 547
111 263 389 603
129 243 329 611
127 243 345 595
153 251 295 651
159 239 293 643
145 231 331 619
143 239 319 627
147 235 311 627
137 223 343 611
153 223 301 635
135 227 335 595
149 223 333 611
149 239 309 619
143 227 331 635
141 235 331 627
137 255 337 531
145 267 333 499
143 243 313 571
137 243 339 579
137 251 317 579
147 263 303 555
155 267 305 547
145 263 327 531
153 255 313 547
145 255 321 547
153 243 319 563
137 235 351 555
145 235 321 563
147 259 313 555
121 235 385 555
123 235 363 587
125 235 379 555
161 275 309 539
163 271 309 539
143 263 311 571
125 299 301 619
135 279 301 603
135 271 305 627
129 263 323 611
117 239 357 627
129 243 319 643
119 243 339 651
133 259 303 635
123 247 325 635
117 275 337 659
129 291 315 619
145 267 295 667
131 275 323 547
131 251 325 619
131 247 331 579
135 255 323 595
141 259 297 627
163 283 275 619
137 275 295 643
137 239 331 603
161 235 311 619
147 263 293 579
157 251 295 643
147 255 291 603
151 287 271 643
133 263 315 571
149 263 289 587
133 271 307 587
123 283 333 579
129 279 341 507
135 283 307 579
157 279 277 587
149 255 277 619
149 327 313 459
151 291 309 499
133 311 333 467
139 291 337 475
129 343 307 539
149 311 331 459
151 307 311 491
151 347 311 483
161 351 335 411
161 363 309 467
159 351 335 443
171 323 313 459
159 347 329 451
161 307 317 483
161 323 319 475
171 335 309 475
179 355 325 443
169 339 327 443
155 295 327 483
145 303 325 467
141 299 343 443
149 319 323 459
141 315 331 459
153 339 305 475
139 295 327 491
145 307 333 451
137 299 333 467
169 299 353 387
165 355 383 363
179 367 463 307
167 363 415 339
179 323 461 323
179 343 437 323
179 347 433 315
163 319 333 443
159 323 349 419
119 243 381 595
155 295 405 371
149 307 405 371
159 291 421 355
161 295 451 331
167 295 383 371
143 299 419 347
169 295 351 435
149 283 383 395
151 295 409 355
155 303 401 371
163 307 369 403
151 311 377 387
155 307 383 379
163 283 385 387
161 287 379 387
153 283 393 379
157 303 379 395
161 287 375 411
149 283 435 355
151 291 407 371
163 263 377 395
153 239 415 387
157 279 377 411
165 295 353 435
167 279 399 387
165 315 389 371
155 291 385 387
165 307 371 387
155 283 335 483
159 299 325 475
159 287 391 363
159 295 373 403
