1084
169 67 519 563 
193 331 65 795 
157 311 455 75 
45 303 431 435 
161 71 499 603 
159 71 503 523 
163 71 485 555 
169 71 505 507 
185 303 71 787 
181 319 71 747 
189 319 67 795 
143 295 447 91 
153 299 433 83 
149 307 485 75 
161 303 437 75 
49 307 431 379 
45 319 425 435 
57 299 393 451 
47 311 437 387 
47 311 421 411 
55 331 379 483 
51 315 389 443 
49 295 409 427 
49 311 397 451 
57 299 383 483 
53 307 399 435 
45 287 427 467 
45 283 469 467 
49 255 485 475 
53 283 429 419 
49 291 453 403 
49 259 483 435 
49 279 459 403 
47 283 437 411 
55 271 423 443 
55 283 397 451 
63 271 383 483 
53 279 423 451 
61 267 409 483 
45 291 439 435 
45 319 437 411 
51 295 403 435 
59 283 389 467 
61 275 391 475 
49 267 475 427 
57 255 483 435 
47 271 453 435 
51 259 477 483 
55 259 439 467 
49 279 447 411 
47 275 451 435 
51 279 429 451 
49 287 429 427 
49 283 423 443 
47 291 407 435 
63 267 423 443 
157 71 521 563 
153 71 515 571 
149 87 467 611 
151 75 483 563 
155 75 465 595 
163 71 479 579 
165 67 487 619 
155 79 463 595 
157 91 465 483 
165 71 493 547 
169 71 499 539 
169 67 515 587 
155 79 471 563 
169 87 435 563 
169 99 431 539 
183 95 433 563 
179 91 431 587 
169 83 445 563 
171 87 441 515 
177 95 437 555 
181 83 437 571 
165 99 433 595 
169 91 441 539 
167 83 459 483 
153 95 455 555 
163 99 443 507 
161 87 457 491 
157 83 469 507 
159 75 465 515 
167 107 433 491 
163 91 443 523 
159 95 443 555 
159 107 439 531 
149 79 479 547 
151 79 473 539 
161 71 501 571 
147 87 471 531 
155 103 443 531 
151 87 453 563 
143 91 485 547 
153 91 457 515 
151 91 451 563 
151 103 447 539 
147 103 449 595 
163 87 445 571 
157 75 529 499 
145 79 501 499 
149 91 495 467 
153 75 477 515 
155 79 473 467 
149 91 465 547 
151 75 511 507 
153 83 473 491 
151 83 475 507 
169 115 439 483 
157 107 467 467 
175 103 437 515 
161 91 449 515 
163 95 445 467 
169 103 441 507 
161 95 439 515 
161 107 435 491 
167 91 461 467 
157 107 437 547 
161 99 445 491 
159 99 447 507 
149 79 483 531 
165 87 451 539 
167 83 445 571 
157 75 459 547 
159 79 455 499 
157 79 449 547 
157 91 445 523 
163 75 471 499 
169 75 451 555 
153 91 447 579 
157 83 455 523 
155 83 457 539 
159 91 457 491 
167 91 455 491 
153 71 543 555 
151 83 487 483 
141 99 501 531 
147 87 489 523 
155 95 481 451 
159 91 497 451 
153 99 481 475 
169 87 449 523 
167 87 443 571 
165 79 475 451 
159 87 459 475 
157 87 461 491 
159 83 453 499 
151 99 473 499 
161 83 505 459 
159 95 449 475 
155 95 451 531 
173 71 469 531 
153 95 445 579 
157 87 453 523 
155 87 455 539 
153 107 441 555 
157 99 449 499 
161 75 513 491 
165 71 465 555 
175 339 71 803 
177 283 81 763 
181 287 105 731 
173 299 81 723 
183 295 81 747 
181 299 87 715 
183 287 93 747 
177 279 101 747 
181 287 111 723 
181 279 117 731 
173 291 93 723 
181 291 99 715 
179 287 115 723 
175 299 109 707 
171 311 101 683 
183 323 113 667 
179 311 107 675 
177 295 87 739 
173 311 87 699 
187 315 69 723 
199 311 67 739 
177 307 79 731 
189 295 75 763 
185 311 75 723 
193 311 71 771 
183 287 77 763 
193 299 77 747 
179 303 77 723 
187 303 83 715 
187 303 73 771 
183 319 77 707 
177 291 91 755 
177 279 85 763 
181 283 109 731 
181 295 95 715 
181 287 95 739 
185 291 119 707 
177 303 95 699 
185 303 101 691 
181 291 77 771 
179 299 75 811 
185 271 119 787 
177 303 77 779 
179 291 87 747 
181 291 83 731 
179 287 109 731 
181 291 73 787 
179 287 99 739 
173 295 79 755 
173 307 101 715 
181 311 83 699 
175 315 75 771 
183 315 71 819 
183 323 67 731 
175 315 81 699 
171 339 85 707 
179 339 69 779 
169 343 77 731 
183 303 119 683 
177 295 101 707 
185 295 107 699 
179 323 71 787 
185 335 109 667 
181 323 103 675 
173 319 77 739 
179 315 75 739 
181 319 89 683 
169 319 95 707 
179 323 79 707 
177 307 87 691 
185 307 85 707 
173 307 109 699 
177 307 73 747 
169 311 79 715 
189 319 95 675 
177 311 85 707 
183 303 109 691 
155 319 391 131 
157 295 401 107 
145 319 423 83 
151 315 425 83 
149 295 413 91 
153 307 407 107 
155 303 411 99 
159 279 417 123 
145 303 401 147 
131 303 431 123 
133 323 417 131 
139 303 409 203 
149 303 389 171 
135 303 419 147 
137 323 405 155 
145 307 405 139 
143 319 409 115 
147 307 409 115 
149 327 395 123 
157 311 395 107 
161 323 389 123 
135 291 449 115 
153 271 457 115 
137 283 449 115 
165 323 385 131 
161 299 383 155 
149 319 399 139 
141 323 443 91 
149 315 451 83 
157 279 481 91 
141 291 473 91 
151 327 475 75 
159 299 463 75 
153 291 515 83 
143 315 469 83 
135 295 419 195 
145 295 399 163 
131 295 429 139 
133 315 415 147 
159 291 389 163 
143 291 413 179 
143 283 415 155 
147 275 457 115 
139 295 415 187 
149 283 413 203 
149 279 419 163 
149 279 417 195 
153 267 419 187 
147 271 435 179 
151 279 471 99 
159 279 455 91 
151 283 417 115 
157 287 441 83 
157 279 421 123 
161 267 421 147 
155 271 433 99 
157 259 447 139 
157 263 449 131 
151 279 485 91 
161 267 437 107 
153 263 467 107 
165 255 437 131 
159 259 453 123 
159 267 463 107 
153 259 483 171 
153 259 453 179 
153 263 455 171 
149 263 473 147 
161 255 443 171 
155 259 459 163 
149 291 417 99 
153 291 393 147 
153 283 395 123 
155 271 409 163 
155 275 411 155 
161 287 399 115 
157 295 389 139 
149 295 395 155 
159 279 399 131 
151 319 397 139 
151 283 413 163 
151 287 407 155 
159 291 393 131 
151 299 403 147 
159 279 397 163 
163 267 399 155 
157 271 415 147 
133 291 475 107 
135 295 445 107 
133 303 449 99 
139 283 425 99 
141 271 469 131 
141 271 439 139 
141 275 441 131 
137 291 431 131 
135 291 477 91 
147 287 429 91 
133 295 443 131 
143 295 419 115 
135 295 425 131 
139 291 423 123 
135 291 441 139 
145 283 423 147 
141 279 481 99 
145 279 429 107 
137 319 427 115 
137 283 443 139 
149 287 415 139 
145 291 423 107 
145 303 441 91 
135 311 439 115 
133 287 459 155 
129 303 483 123 
137 275 459 107 
143 279 455 107 
139 279 457 139 
145 279 427 139 
149 267 429 131 
131 299 459 123 
143 271 445 123 
137 299 441 107 
137 299 451 99 
141 311 409 131 
141 303 411 107 
145 315 405 123 
149 323 397 115 
137 315 431 115 
147 299 415 115 
139 339 413 123 
139 319 419 131 
149 295 409 115 
163 271 425 139 
151 275 425 131 
151 279 427 123 
147 295 417 123 
145 295 463 83 
157 291 415 83 
151 283 467 91 
155 283 415 99 
157 295 411 91 
157 307 397 99 
151 311 403 131 
145 299 411 123 
143 307 435 91 
161 259 429 163 
155 263 445 155 
151 271 483 115 
161 263 431 155 
141 291 415 131 
147 291 519 83 
153 299 467 75 
143 287 497 91 
155 291 415 91 
165 311 401 91 
163 287 419 91 
155 283 449 91 
167 275 419 115 
151 311 439 83 
161 319 391 115 
153 307 411 99 
149 275 501 99 
161 291 413 107 
153 275 449 107 
165 267 419 131 
163 303 409 99 
151 295 443 83 
167 279 415 123 
139 315 467 91 
161 227 419 643 
171 215 417 699 
173 219 415 691 
163 219 413 715 
161 227 395 699 
157 227 421 667 
161 227 401 691 
169 215 401 707 
167 219 405 707 
171 219 399 699 
163 223 409 659 
175 215 429 683 
161 227 407 651 
165 227 393 659 
167 219 421 667 
161 215 433 691 
159 219 425 715 
147 231 439 731 
159 223 405 683 
153 227 423 675 
157 227 409 683 
163 219 433 659 
161 227 403 675 
155 243 393 675 
149 231 427 627 
153 227 433 667 
153 231 413 635 
157 231 387 667 
153 231 401 659 
149 247 381 683 
159 223 417 651 
159 223 415 675 
157 227 407 699 
151 243 395 683 
147 259 375 707 
143 251 415 739 
141 239 447 683 
153 231 407 651 
149 247 387 675 
159 223 423 643 
157 231 393 659 
139 243 445 675 
147 251 391 651 
143 255 411 691 
157 227 427 619 
161 231 431 611 
157 227 425 643 
159 255 431 467 
183 255 415 499 
163 251 455 459 
171 239 421 491 
169 231 429 547 
55 295 431 363 
63 295 425 363 
53 299 409 371 
61 287 395 403 
59 287 397 395 
67 275 383 427 
47 283 431 467 
65 271 445 403 
59 271 453 395 
67 267 453 395 
57 283 423 395 
65 271 409 427 
49 295 439 379 
57 287 421 403 
59 299 441 347 
63 315 395 387 
53 315 407 363 
61 303 393 395 
55 307 411 363 
67 339 431 339 
75 327 431 339 
65 331 415 347 
53 303 467 331 
53 323 453 323 
59 319 435 331 
63 311 449 331 
61 311 453 323 
53 311 459 323 
61 299 467 331 
51 315 437 331 
53 311 443 347 
51 315 421 355 
59 335 379 427 
61 319 385 411 
57 319 385 443 
63 323 387 387 
59 315 395 403 
57 315 389 419 
61 331 383 419 
71 319 383 403 
55 319 389 387 
55 311 397 419 
53 315 397 395 
73 279 401 411 
65 315 397 379 
57 311 399 379 
49 291 427 411 
53 259 485 419 
61 267 469 395 
51 283 439 395 
59 271 425 427 
69 283 441 363 
59 263 475 387 
67 283 445 355 
67 271 459 363 
57 287 429 363 
65 275 415 395 
53 295 453 347 
59 291 435 355 
55 279 477 363 
53 263 483 379 
53 283 437 379 
53 283 459 347 
61 271 467 355 
51 287 437 355 
59 275 423 387 
55 287 421 427 
49 303 407 395 
49 323 437 355 
59 311 421 347 
57 319 431 347 
53 303 445 339 
61 303 439 339 
61 291 453 347 
51 299 403 411 
59 287 389 443 
69 295 381 435 
63 303 401 379 
57 275 449 403 
57 295 403 403 
57 295 425 371 
65 295 419 371 
55 299 403 379 
63 287 389 411 
69 299 417 355 
73 303 399 371 
67 299 421 347 
67 287 435 355 
57 303 405 355 
65 291 391 387 
57 291 405 387 
65 279 391 419 
65 307 431 347 
55 311 415 355 
63 299 401 387 
63 271 465 379 
63 291 441 347 
71 291 435 347 
71 279 449 355 
57 303 401 411 
53 271 475 371 
61 259 483 379 
51 275 453 379 
55 263 477 427 
59 263 439 411 
53 291 407 411 
59 283 393 419 
53 283 447 355 
51 279 451 379 
55 283 429 395 
61 279 437 379 
53 291 429 371 
53 287 423 387 
61 291 423 371 
51 295 407 379 
67 295 423 363 
75 295 417 363 
75 283 431 371 
49 311 461 371 
59 283 415 379 
67 283 409 379 
55 311 401 387 
63 275 439 371 
67 271 423 387 
61 275 417 435 
49 311 497 363 
47 315 475 371 
45 315 451 395 
47 303 463 403 
49 271 513 411 
47 275 491 419 
47 291 469 403 
49 283 485 395 
49 315 471 363 
45 295 447 411 
53 331 379 499 
47 311 397 467 
55 299 383 499 
49 327 401 419 
47 327 431 387 
55 347 373 483 
57 343 375 475 
63 339 371 491 
53 327 383 475 
51 331 383 443 
49 327 391 451 
53 323 393 435 
51 311 397 435 
59 299 383 467 
45 291 423 443 
53 279 409 475 
49 303 401 467 
55 295 387 475 
47 307 401 435 
49 327 427 379 
47 327 415 411 
47 299 431 411 
45 335 431 411 
59 311 379 475 
57 267 437 435 
57 255 453 459 
57 275 407 459 
57 275 429 427 
65 263 437 435 
55 279 407 435 
63 267 393 467 
51 275 435 435 
59 275 395 475 
57 291 403 435 
51 263 451 459 
51 283 427 427 
49 287 405 435 
61 331 367 507 
59 315 375 523 
67 303 367 507 
59 311 377 499 
63 327 371 499 
57 315 377 467 
63 299 371 507 
65 279 375 547 
69 271 371 507 
55 255 473 499 
53 271 441 459 
61 259 427 491 
53 295 393 491 
53 291 395 459 
61 283 379 523 
61 279 381 499 
65 295 375 499 
57 243 495 475 
65 251 479 451 
63 255 435 483 
63 247 485 443 
57 247 493 435 
57 267 469 403 
65 255 477 411 
55 271 447 411 
63 259 433 443 
63 271 407 451 
71 259 393 483 
71 251 463 451 
69 255 419 483 
61 251 465 507 
69 263 401 475 
61 251 489 475 
57 255 485 427 
65 243 493 435 
55 259 463 435 
59 251 477 491 
59 247 487 483 
63 247 449 467 
57 267 457 411 
55 263 461 435 
63 267 425 435 
67 259 449 427 
71 255 433 443 
47 279 425 499 
49 263 469 491 
51 259 459 523 
51 267 437 507 
49 271 437 483 
57 259 423 515 
63 263 413 483 
49 267 467 451 
51 271 435 467 
49 275 435 443 
57 263 421 475 
51 279 415 531 
57 271 401 539 
63 295 377 515 
59 271 395 507 
65 263 381 515 
53 279 407 515 
61 267 393 547 
53 303 391 539 
51 283 401 523 
49 287 401 499 
57 275 387 531 
49 267 449 467 
53 271 427 483 
51 279 427 459 
51 275 421 475 
49 283 405 467 
51 271 445 443 
57 271 413 467 
61 263 437 459 
65 259 421 475 
53 307 387 475 
53 287 401 467 
53 283 401 507 
51 303 395 483 
45 307 413 459 
51 279 419 499 
59 291 381 515 
61 271 385 555 
61 275 387 499 
61 271 393 515 
59 263 415 523 
53 287 393 555 
53 283 397 531 
51 287 397 499 
59 275 383 531 
49 307 403 427 
57 295 389 459 
47 307 433 395 
55 327 375 491 
61 299 375 491 
57 311 381 475 
53 311 381 507 
63 319 373 499 
59 315 383 451 
55 307 391 467 
53 307 385 483 
51 311 385 451 
51 307 389 515 
51 303 393 491 
49 307 393 459 
57 295 379 491 
49 271 435 491 
47 275 435 459 
55 263 421 491 
53 279 425 427 
61 267 411 459 
55 263 449 459 
51 271 473 427 
49 275 433 451 
53 271 453 419 
49 275 455 411 
57 263 463 419 
47 279 433 419 
55 267 419 451 
55 279 393 459 
63 267 379 491 
53 275 419 459 
61 263 405 491 
53 279 417 467 
49 287 399 507 
47 291 399 475 
55 279 385 507 
53 287 399 475 
51 291 399 443 
59 279 385 475 
53 283 399 515 
51 287 399 483 
53 295 401 419 
61 283 387 451 
53 279 405 523 
47 287 403 451 
51 279 417 507 
55 275 389 483 
59 271 409 451 
55 275 411 443 
59 267 435 435 
63 263 419 451 
49 307 429 387 
47 307 417 419 
47 287 425 443 
45 287 435 443 
45 315 433 419 
53 283 403 491 
53 303 395 443 
51 303 397 451 
49 279 427 467 
57 267 413 499 
57 279 391 467 
59 271 391 523 
61 271 389 523 
65 287 377 499 
59 291 383 483 
63 275 405 443 
65 319 367 467 
69 315 369 467 
63 303 375 483 
71 291 367 467 
67 303 373 451 
73 311 365 475 
69 307 375 427 
69 295 375 459 
65 299 383 443 
63 299 377 459 
67 315 371 459 
71 311 367 435 
61 303 377 427 
65 255 473 427 
73 263 457 403 
71 267 413 435 
67 271 419 419 
69 291 387 419 
71 279 409 411 
61 259 443 435 
61 279 397 435 
61 279 419 403 
69 279 413 403 
69 267 427 411 
59 283 397 411 
67 271 383 443 
61 295 385 459 
59 299 385 435 
67 287 371 467 
77 271 399 435 
73 283 377 459 
71 299 385 419 
63 295 387 419 
59 255 463 443 
57 279 417 419 
65 267 403 451 
67 259 431 435 
63 271 425 419 
63 255 463 435 
61 279 417 411 
69 267 403 443 
63 271 419 443 
71 259 449 419 
61 275 419 419 
69 263 405 451 
67 255 443 451 
61 267 427 443 
61 267 449 403 
69 267 443 403 
69 255 457 411 
59 271 427 411 
67 259 413 443 
73 259 407 443 
65 275 397 459 
71 267 383 467 
147 103 459 571 
155 95 461 507 
151 91 473 523 
153 83 469 531 
149 107 453 587 
153 115 443 547 
147 91 469 587 
143 107 465 619 
143 87 483 563 
145 87 477 555 
141 95 475 547 
149 111 447 547 
145 95 457 579 
145 107 459 571 
137 99 489 563 
141 111 483 531 
143 103 467 595 
147 99 461 531 
145 99 455 579 
137 115 475 579 
145 111 451 555 
141 111 453 611 
139 87 505 515 
143 99 499 483 
139 111 499 547 
147 83 481 531 
149 87 477 483 
143 99 469 563 
147 91 477 507 
145 91 479 523 
137 99 523 539 
141 111 517 507 
151 115 471 483 
157 103 449 483 
155 115 439 507 
151 115 441 563 
155 107 449 507 
153 107 451 523 
143 87 487 547 
151 83 463 563 
153 87 459 515 
151 99 449 539 
147 99 451 595 
151 91 459 539 
149 91 461 555 
143 99 489 539 
153 99 461 507 
141 131 473 579 
135 131 499 579 
145 91 491 499 
135 107 505 547 
143 103 481 523 
139 103 483 579 
143 95 491 523 
141 95 493 539 
149 103 485 467 
139 119 499 515 
147 107 485 491 
135 127 503 603 
153 95 463 491 
151 95 465 507 
145 107 477 515 
153 103 453 491 
149 103 455 547 
151 95 457 539 
149 95 459 555 
147 115 445 571 
151 107 453 515 
167 283 121 787 
193 279 93 747 
167 295 129 723 
167 299 105 739 
163 315 105 699 
167 299 117 707 
175 303 113 699 
173 279 115 739 
169 295 115 699 
177 295 121 691 
155 319 193 779 
159 299 163 731 
167 271 123 739 
161 295 155 731 
175 267 165 747 
171 275 147 707 
171 287 133 691 
171 283 115 747 
161 291 147 747 
169 291 113 787 
175 263 157 763 
167 295 115 755 
169 283 125 723 
171 283 121 707 
169 279 147 707 
171 291 109 819 
163 287 117 731 
163 299 139 691 
157 307 147 707 
153 327 177 755 
165 307 113 747 
179 267 181 731 
165 307 119 675 
161 331 123 683 
159 335 115 707 
155 355 145 755 
173 283 171 675 
173 295 157 659 
167 287 139 683 
175 287 145 675 
155 331 163 731 
155 323 147 739 
165 343 165 651 
171 315 141 651 
163 311 115 715 
169 307 113 715 
159 311 133 683 
169 315 117 683 
167 299 125 667 
175 299 123 683 
163 299 147 675 
159 303 117 691 
167 303 123 683 
169 311 391 131 
147 343 381 187 
159 327 361 179 
145 327 391 155 
147 347 377 163 
159 343 371 163 
155 331 377 147 
169 327 371 131 
153 343 381 123 
165 367 361 171 
149 335 393 131 
157 319 393 115 
161 331 387 131 
161 291 379 179 
147 291 409 155 
139 323 417 123 
147 339 401 115 
133 315 405 235 
143 315 385 203 
129 315 415 179 
131 335 401 187 
135 331 401 203 
147 311 395 235 
157 311 375 203 
141 311 399 219 
141 303 401 195 
137 315 401 227 
143 283 407 243 
151 287 405 227 
147 311 403 139 
151 311 379 187 
151 303 381 163 
149 311 387 195 
159 307 385 155 
155 315 375 179 
147 315 381 195 
147 311 397 203 
157 299 385 171 
149 339 383 179 
157 311 379 171 
157 299 383 203 
161 287 385 195 
151 291 399 155 
137 303 411 139 
135 311 417 171 
141 315 405 155 
133 315 411 171 
137 311 409 163 
133 311 427 179 
143 303 409 187 
135 339 413 155 
127 323 469 163 
129 319 445 163 
139 331 395 171 
139 323 397 147 
137 331 403 179 
143 335 391 163 
147 343 383 155 
135 335 397 179 
137 359 399 163 
147 315 395 155 
155 327 383 139 
143 319 397 163 
139 311 401 171 
161 231 419 619 
161 231 395 627 
165 227 419 635 
165 227 425 627 
159 227 395 731 
157 235 383 707 
147 255 381 699 
163 223 353 667 
171 267 347 683 
153 223 413 683 
145 235 447 579 
141 251 427 603 
155 247 379 635 
145 251 401 635 
155 227 435 627 
165 239 383 643 
157 239 371 659 
153 255 351 683 
163 247 347 691 
157 231 417 627 
141 243 423 611 
141 247 443 587 
139 247 427 659 
133 251 443 667 
155 247 385 627 
145 235 419 627 
153 251 391 635 
149 235 397 595 
173 259 377 515 
177 263 359 547 
155 259 383 515 
147 243 421 499 
145 247 407 531 
169 259 371 523 
157 247 387 547 
165 251 371 587 
153 267 363 579 
165 263 349 563 
155 251 373 579 
145 259 391 555 
153 255 387 563 
161 271 349 579 
151 259 373 595 
157 251 377 531 
147 239 401 547 
153 255 417 475 
161 243 383 507 
155 267 369 507 
145 255 393 523 
169 247 367 547 
159 235 391 563 
157 259 375 571 
155 247 395 523 
165 259 379 523 
157 263 375 523 
147 259 387 563 
