688
131 355 367 435 
119 335 353 467 
125 343 337 475 
135 359 317 507 
141 351 341 467 
141 359 333 475 
121 343 349 467 
119 299 399 483 
111 319 395 467 
109 315 423 459 
109 315 371 515 
113 303 387 531 
117 299 381 539 
111 319 423 451 
103 339 403 523 
111 315 411 459 
113 335 371 483 
115 283 391 587 
107 303 427 483 
103 319 413 507 
109 311 427 451 
101 331 407 523 
111 327 375 483 
105 299 391 555 
109 303 393 539 
117 291 431 467 
119 303 441 443 
115 303 411 467 
117 283 397 555 
115 299 391 491 
121 291 375 507 
129 299 385 475 
127 315 341 491 
137 291 345 531 
135 311 337 531 
147 359 299 563 
141 363 315 507 
141 355 323 499 
125 347 319 507 
129 355 317 531 
135 355 307 531 
123 347 321 531 
133 367 345 467 
135 339 307 539 
119 339 335 499 
129 339 317 539 
125 343 319 563 
133 367 309 523 
143 351 305 547 
139 347 305 563 
145 339 303 587 
143 343 301 603 
135 363 299 539 
115 311 343 563 
121 315 333 571 
123 339 317 587 
119 287 375 643 
113 287 393 619 
111 291 379 555 
113 299 375 555 
117 291 369 627 
113 287 397 579 
131 275 379 611 
117 299 363 563 
127 271 395 595 
127 327 315 611 
113 327 343 603 
119 307 347 587 
125 303 331 595 
135 303 327 643 
111 311 355 555 
121 311 335 603 
121 339 319 571 
125 347 309 651 
123 335 317 603 
131 375 311 539 
133 347 305 603 
123 339 315 627 
125 351 315 603 
131 351 303 619 
131 367 303 571 
121 303 347 643 
127 355 309 571 
145 271 419 499 
135 275 405 507 
119 339 325 587 
145 283 389 491 
129 275 393 579 
141 267 395 555 
129 291 385 491 
139 263 417 523 
135 283 389 507 
133 275 391 547 
133 267 401 515 
147 271 385 539 
143 263 415 507 
123 283 401 483 
125 299 423 451 
137 295 353 523 
153 271 383 571 
113 307 367 523 
123 287 391 523 
123 279 397 595 
117 299 383 515 
121 311 349 499 
123 299 367 539 
125 279 371 595 
115 303 365 491 
121 307 349 555 
125 299 391 475 
127 295 349 555 
107 295 401 523 
103 343 389 579 
103 319 395 539 
107 315 377 523 
121 291 371 547 
115 283 387 627 
113 295 377 659 
117 279 401 555 
125 283 387 563 
133 299 345 523 
127 275 447 499 
119 275 467 579 
119 287 421 483 
123 275 403 555 
113 283 413 491 
125 275 409 547 
115 291 409 491 
137 271 397 547 
123 267 413 523 
129 263 429 531 
119 299 389 507 
119 275 405 587 
125 279 401 539 
111 287 441 563 
113 303 389 491 
127 279 383 515 
111 295 393 491 
117 287 385 587 
135 271 411 507 
125 287 361 587 
141 311 323 571 
139 287 373 499 
139 295 363 507 
119 331 327 507 
129 327 321 547 
127 315 339 507 
139 311 325 531 
125 307 341 507 
121 331 325 483 
117 319 359 499 
129 319 319 555 
115 323 341 475 
137 307 337 555 
123 319 331 539 
125 319 351 491 
121 299 369 499 
129 331 347 467 
131 291 373 507 
117 319 327 587 
123 303 403 443 
113 311 389 451 
127 323 333 499 
141 311 367 467 
123 315 353 483 
133 319 331 499 
131 295 373 499 
121 295 381 499 
129 311 329 595 
133 327 359 443 
131 319 391 427 
127 331 349 451 
135 327 347 467 
141 303 379 467 
135 343 351 443 
143 303 339 523 
133 299 377 475 
129 279 357 515 
125 303 343 539 
125 299 361 491 
123 291 393 475 
129 287 383 507 
129 295 339 531 
123 287 371 563 
119 287 385 531 
121 283 375 579 
131 287 381 507 
125 295 361 547 
131 291 355 539 
125 287 367 563 
119 311 343 507 
119 303 351 499 
123 307 339 627 
123 331 323 547 
121 323 333 563 
133 315 319 571 
137 283 351 547 
137 291 365 507 
133 315 327 531 
149 295 333 563 
151 307 333 555 
139 303 345 515 
131 287 395 475 
133 299 375 483 
141 275 395 507 
139 271 397 523 
135 275 373 523 
127 275 409 531 
119 299 351 555 
111 311 369 547 
121 323 327 571 
111 311 395 475 
111 343 349 531 
105 327 373 515 
111 335 357 523 
107 335 369 515 
121 311 341 571 
113 315 357 515 
105 307 385 483 
107 315 381 483 
115 291 385 515 
111 299 377 579 
113 303 375 547 
115 295 377 555 
119 295 365 611 
129 291 351 595 
121 291 357 555 
125 311 339 547 
117 299 349 619 
121 327 325 595 
117 315 341 531 
109 303 359 555 
123 315 377 443 
113 331 335 531 
105 307 381 523 
127 299 351 515 
125 295 363 539 
117 331 333 539 
109 327 359 531 
113 323 355 491 
111 319 359 515 
125 299 345 531 
115 311 361 515 
115 315 361 459 
111 339 373 499 
115 319 343 507 
113 307 393 443 
135 291 349 539 
143 303 337 555 
139 303 327 587 
137 315 325 555 
135 311 331 539 
143 291 343 579 
127 311 337 547 
137 295 333 571 
119 303 399 475 
111 303 391 515 
119 327 329 539 
119 323 333 579 
121 359 321 563 
117 331 337 507 
113 311 349 635 
131 295 371 507 
127 295 359 531 
111 347 345 563 
107 371 367 603 
149 315 395 427 
155 307 371 459 
149 291 399 467 
135 319 369 451 
141 311 345 483 
137 331 369 435 
149 335 363 435 
147 327 395 419 
143 339 353 443 
137 295 401 451 
147 279 389 491 
137 283 375 499 
147 307 355 475 
147 315 335 491 
145 287 361 507 
149 287 373 483 
147 311 337 523 
135 303 361 475 
123 303 395 467 
157 307 331 571 
125 307 451 435 
131 291 435 427 
129 295 443 443 
137 287 437 443 
129 319 397 435 
123 315 407 427 
125 291 449 451 
119 315 419 419 
139 307 411 427 
121 291 407 467 
129 283 435 459 
125 299 445 443 
141 275 423 467 
147 295 421 443 
119 319 415 427 
131 295 431 435 
119 295 373 547 
133 283 395 475 
117 307 365 475 
121 287 407 483 
131 295 395 467 
125 307 375 451 
125 315 355 467 
133 307 391 435 
129 295 397 467 
127 303 393 451 
125 323 375 443 
125 331 355 459 
121 323 387 435 
115 311 377 451 
129 299 407 459 
121 331 367 451 
127 323 367 451 
141 335 393 419 
123 339 379 435 
127 339 367 443 
133 299 403 443 
139 311 349 491 
143 315 317 571 
139 335 311 523 
137 343 305 579 
135 343 347 459 
125 311 353 491 
119 303 369 483 
127 351 317 547 
117 307 355 555 
131 311 327 563 
141 319 315 587 
127 295 423 451 
133 287 407 467 
141 279 435 459 
125 327 407 411 
129 287 447 451 
123 283 439 459 
131 287 429 459 
125 295 435 459 
127 295 401 467 
121 303 397 451 
125 279 413 475 
131 275 429 483 
121 335 395 427 
123 283 399 547 
155 271 393 531 
139 271 435 491 
135 275 411 491 
139 295 381 491 
143 279 401 491 
137 283 411 459 
147 267 399 499 
125 299 393 467 
135 299 391 467 
141 299 419 427 
143 315 315 619 
131 311 325 611 
153 291 339 627 
147 295 329 619 
139 271 389 555 
153 311 315 603 
149 331 309 555 
141 287 349 587 
137 351 301 587 
133 347 309 531 
129 323 313 643 
129 331 307 571 
137 335 301 635 
127 343 309 587 
147 327 307 611 
135 327 311 563 
125 335 321 571 
133 307 317 579 
139 315 349 483 
125 319 323 507 
131 323 313 515 
121 319 335 499 
139 291 353 523 
131 315 333 499 
141 319 313 635 
153 299 319 603 
129 311 335 547 
141 323 309 563 
143 219 549 587 
131 251 507 491 
127 279 529 459 
131 259 521 459 
139 255 485 459 
135 251 503 483 
143 223 543 531 
131 271 483 515 
127 267 503 475 
133 279 471 459 
129 287 475 443 
145 255 469 515 
141 267 467 483 
145 259 455 555 
137 223 527 563 
129 251 525 539 
147 235 479 603 
147 223 497 579 
159 279 485 403 
151 279 459 411 
141 223 553 531 
145 247 475 515 
153 219 513 571 
155 215 549 531 
137 243 507 475 
135 227 515 491 
147 215 521 539 
145 223 539 523 
151 223 519 563 
131 243 535 539 
149 235 483 531 
153 227 513 499 
143 235 491 531 
151 239 483 475 
143 251 469 531 
137 235 503 523 
145 227 485 507 
145 243 497 467 
157 239 479 507 
129 263 485 499 
143 235 503 491 
147 247 473 483 
135 255 489 499 
141 231 507 523 
141 239 507 451 
129 255 507 547 
125 267 555 491 
133 247 525 499 
133 271 495 467 
129 263 511 491 
133 263 487 475 
133 255 513 459 
141 259 479 459 
141 243 491 491 
135 251 513 427 
135 239 497 515 
145 251 489 451 
127 255 513 467 
151 251 465 499 
147 255 483 451 
153 263 449 483 
151 243 461 507 
157 235 477 579 
155 255 455 531 
145 255 467 523 
157 251 453 531 
135 263 473 475 
143 243 471 523 
135 251 489 539 
133 243 501 507 
135 259 493 491 
145 247 483 507 
137 255 477 539 
161 251 455 499 
157 263 453 467 
149 255 467 515 
135 299 507 419 
139 295 507 395 
135 279 477 451 
153 283 451 451 
157 287 449 419 
147 287 463 395 
141 271 511 403 
137 279 491 411 
143 255 483 475 
135 275 485 427 
135 263 503 459 
141 275 471 443 
137 283 475 427 
135 259 485 531 
135 271 469 467 
133 251 497 499 
139 239 491 523 
155 271 447 483 
149 271 449 483 
153 259 477 451 
157 271 447 443 
155 251 459 467 
155 271 449 475 
151 263 457 435 
135 279 463 459 
147 259 453 555 
151 259 447 523 
145 255 479 491 
149 255 473 459 
139 255 503 443 
149 259 457 491 
145 267 461 475 
135 263 501 467 
129 271 505 451 
137 255 483 483 
133 267 505 427 
129 275 485 435 
133 259 507 483 
125 295 463 443 
123 275 491 475 
129 287 483 435 
151 259 451 491 
139 275 455 459 
143 263 457 491 
147 255 495 427 
141 263 481 411 
139 267 505 419 
147 267 527 403 
139 271 473 459 
147 271 499 403 
147 267 455 475 
137 275 467 475 
149 259 491 443 
143 279 457 451 
141 283 467 443 
137 247 487 459 
141 275 475 411 
139 267 469 475 
139 267 481 435 
145 271 465 443 
137 259 469 483 
145 271 457 475 
135 267 497 467 
143 271 465 467 
135 303 487 403 
147 271 461 419 
147 255 465 547 
149 251 461 555 
145 239 467 531 
141 255 471 555 
145 259 457 539 
141 243 489 547 
147 259 455 507 
139 251 473 547 
141 255 481 483 
153 251 463 491 
149 263 461 459 
155 271 451 467 
149 251 469 523 
143 239 481 531 
139 251 479 499 
145 291 505 387 
155 219 537 531 
141 247 479 515 
137 247 485 547 
139 255 457 587 
137 255 473 595 
139 259 467 563 
145 255 453 579 
129 263 421 611 
129 267 389 611 
141 259 365 635 
133 263 393 651 
145 263 377 611 
133 263 397 643 
133 259 403 603 
129 271 387 643 
135 255 443 603 
127 259 433 627 
137 259 405 571 
149 263 389 587 
143 263 395 587 
133 255 445 611 
135 259 427 587 
139 255 425 603 
141 243 459 699 
129 255 399 675 
139 259 363 659 
147 283 327 635 
143 255 389 619 
137 267 359 627 
141 259 369 627 
135 267 373 651 
151 275 359 619 
135 247 397 667 
131 263 391 675 
131 259 393 659 
147 275 361 611 
139 259 377 635 
141 263 371 619 
145 251 375 627 
143 255 355 635 
139 263 345 635 
131 275 349 643 
137 263 367 635 
143 247 399 659 
137 259 369 667 
141 251 379 667 
137 259 393 627 
155 279 343 627 
147 259 349 643 
145 251 361 651 
135 271 385 611 
135 279 339 667 
133 275 383 595 
139 267 369 579 
137 263 387 603 
141 255 397 603 
149 235 449 691 
155 239 449 675 
133 263 373 675 
137 259 377 659 
131 267 379 667 
131 279 345 675 
137 287 327 699 
135 283 345 635 
135 263 351 667 
137 275 329 675 
137 267 333 643 
129 271 353 675 
137 271 389 595 
145 243 451 635 
149 235 447 699 
135 279 347 603 
151 247 417 627 
147 255 421 563 
137 255 407 627 
145 259 381 595 
145 259 367 619 
143 251 393 603 
137 271 385 603 
139 251 391 635 
125 271 409 611 
129 271 375 651 
127 271 389 659 
147 243 399 635 
147 247 391 675 
151 239 427 683 
143 243 397 667 
145 239 447 683 
133 271 379 619 
123 259 437 619 
127 255 443 635 
129 251 413 619 
127 247 431 643 
121 267 419 667 
123 259 427 635 
121 271 429 643 
135 247 405 651 
121 271 417 683 
121 255 433 651 
123 263 421 675 
127 263 393 699 
133 271 359 635 
141 263 389 595 
135 255 379 635 
143 271 363 611 
129 263 403 635 
133 251 397 659 
155 247 443 611 
143 259 463 547 
153 255 439 547 
161 247 453 587 
165 259 411 539 
159 247 457 579 
163 247 439 571 
155 251 447 587 
149 259 427 555 
155 259 409 563 
169 255 409 587 
165 263 409 547 
165 239 425 587 
167 255 413 555 
159 251 431 531 
159 243 427 603 
165 255 413 571 
167 247 417 555 
167 255 421 531 
161 255 423 531 
149 251 445 595 
157 247 453 603 
155 251 435 595 
165 251 423 563 
173 267 395 547 
175 267 393 563 
159 239 439 619 
161 235 451 635 
159 263 411 555 
165 263 405 563 
177 251 451 515 
177 255 445 507 
159 259 435 507 
155 251 449 539 
161 259 433 523 
161 255 435 523 
155 255 437 555 
