1199
45 335 559 659
167 67 489 603
195 327 65 787
157 291 481 75
157 267 479 107
147 303 481 91
153 287 473 83
183 315 91 779
153 291 457 91
145 303 493 99
137 323 489 99
145 319 465 99
155 275 467 91
53 295 453 627
165 311 439 99
181 307 97 779
157 79 421 603
179 319 87 739
189 331 77 763
153 267 437 123
51 303 579 707
133 327 471 123
135 351 505 107
131 343 487 131
189 315 87 715
181 343 89 731
171 279 429 107
143 251 419 195
151 75 475 579
171 291 109 779
53 291 459 619
55 291 465 595
55 299 435 579
153 251 463 123
155 71 503 571
143 315 471 107
141 315 455 115
169 311 115 675
51 323 475 611
151 291 423 115
167 219 499 195
129 331 517 123
157 243 421 179
55 295 427 635
51 299 575 731
159 303 391 163
151 71 517 595
137 83 511 603
165 243 419 187
175 243 433 155
155 295 413 131
163 299 119 771
145 95 389 571
171 291 359 203
155 299 353 227
163 323 401 147
143 79 495 587
171 271 409 139
177 287 109 763
61 291 431 587
181 247 145 723
161 263 427 147
129 299 465 147
143 247 429 131
179 335 97 723
63 299 387 587
65 295 427 531
167 279 373 203
149 203 491 219
159 91 397 531
157 79 435 571
147 95 411 531
153 311 395 163
51 303 567 739
63 283 557 547
185 315 91 699
179 327 97 731
189 307 99 667
171 271 365 211
159 267 371 219
159 267 129 699
123 327 505 139
163 263 385 179
163 239 401 195
159 223 477 171
147 307 421 131
149 283 439 107
73 291 405 547
145 103 361 571
151 107 351 587
181 295 101 723
159 79 495 555
155 79 473 587
153 79 515 555
165 287 369 187
57 295 437 595
169 271 119 763
167 291 133 651
121 279 433 227
147 235 401 259
151 235 401 227
149 207 477 227
137 207 507 235
157 239 431 171
121 311 449 163
83 303 441 467
151 239 383 227
151 251 373 227
145 267 371 227
151 279 365 211
139 275 411 179
153 283 143 731
135 115 383 539
135 227 447 227
73 243 453 707
119 323 455 163
143 123 507 459
77 287 385 531
77 299 377 579
71 295 403 547
153 303 429 107
61 259 401 643
129 243 549 187
135 255 449 171
159 291 425 107
137 299 409 163
167 247 179 707
163 287 129 659
165 311 131 651
173 307 109 707
141 291 427 147
137 299 433 155
155 355 161 595
149 219 417 275
179 279 113 691
171 267 425 131
179 287 407 139
167 287 397 147
165 299 327 211
169 287 345 235
181 279 345 235
147 259 409 163
73 271 415 547
135 307 435 139
151 215 423 283
175 263 129 731
177 223 161 691
61 275 433 571
63 275 423 563
65 271 415 611
163 295 355 211
161 259 131 787
87 283 385 523
143 239 459 163
139 259 431 147
139 247 445 171
139 255 433 171
151 239 435 163
141 327 163 675
141 111 359 515
149 83 391 539
147 271 411 147
143 303 397 163
149 303 179 595
161 247 191 683
129 275 469 147
155 271 405 155
101 239 403 595
63 267 547 563
145 83 517 579
137 119 481 475
129 135 495 507
121 139 499 547
155 119 477 419
151 231 477 171
153 223 427 179
153 207 453 203
171 243 447 147
61 267 435 627
159 139 325 603
165 223 393 259
157 299 131 707
171 255 139 707
155 255 141 643
161 275 133 691
159 267 139 691
159 107 351 571
115 247 553 307
151 267 385 203
67 291 421 539
55 287 549 731
123 299 413 235
163 315 105 731
169 315 355 195
159 247 401 179
159 279 393 155
177 315 99 779
173 247 173 651
167 259 179 603
167 279 169 579
61 283 393 635
197 299 113 659
77 255 391 547
123 255 507 203
139 299 399 155
159 255 443 123
53 299 463 603
147 83 495 515
141 87 515 587
141 87 483 603
161 307 121 747
157 91 483 531
73 291 469 483
155 87 487 523
67 291 547 531
65 303 543 515
79 267 423 507
163 335 163 579
169 283 127 691
65 311 515 507
147 291 373 195
59 283 445 587
153 247 381 203
173 251 393 195
143 283 447 115
149 243 523 155
65 283 419 603
173 335 103 699
147 211 485 227
155 299 325 251
149 303 347 235
189 343 101 643
155 315 409 147
187 323 95 691
183 299 97 675
181 299 115 651
165 103 405 491
161 123 373 491
163 323 379 163
161 139 443 451
143 227 445 195
71 287 377 619
75 291 379 563
65 299 379 571
65 283 421 579
153 267 377 219
135 103 411 507
175 279 379 155
157 267 453 115
147 279 461 115
167 231 361 235
165 299 389 155
141 95 423 603
137 91 433 547
137 311 427 139
127 115 461 547
143 119 343 571
141 115 353 579
145 275 181 611
157 255 163 627
137 315 373 219
153 143 439 403
137 135 343 563
141 143 335 563
139 147 387 499
139 275 373 235
81 251 493 515
137 127 365 539
169 287 121 603
177 275 123 675
73 299 369 627
75 287 377 587
65 303 385 555
71 287 389 595
75 275 369 603
157 307 169 587
155 323 165 579
137 303 171 683
143 295 157 651
135 307 371 235
167 247 229 603
153 95 377 579
115 327 429 211
119 299 439 195
149 291 355 227
157 279 359 227
151 303 343 203
141 139 369 491
169 287 363 211
173 287 347 211
147 163 417 451
117 155 459 611
169 323 199 523
139 263 195 835
135 279 193 819
139 267 191 843
119 259 465 195
127 323 301 691
113 251 443 211
177 347 147 587
167 351 181 523
143 99 365 539
143 87 393 563
159 91 389 539
153 95 385 539
133 247 411 227
127 311 397 203
141 171 441 459
125 147 469 515
67 295 531 523
137 131 343 619
135 127 349 595
149 143 427 435
99 307 461 411
147 315 367 203
137 287 421 171
169 311 195 531
177 299 193 531
117 175 457 603
93 267 447 451
87 259 441 483
163 263 181 579
161 271 207 579
155 263 183 611
153 263 151 619
147 255 161 635
151 259 159 651
161 279 137 611
149 259 151 683
89 283 377 507
87 287 393 499
77 275 403 523
149 191 445 267
145 283 251 555
73 267 377 651
59 275 423 611
157 247 217 611
169 243 217 603
127 107 509 587
119 115 531 611
141 139 429 475
157 323 111 699
147 339 141 691
153 307 125 691
137 311 405 155
135 327 411 147
131 307 411 179
125 319 423 171
131 263 437 147
137 275 403 187
131 267 403 203
141 303 191 595
145 327 179 627
139 243 411 219
85 327 403 483
75 295 433 491
85 287 409 475
147 279 379 203
189 211 171 699
175 223 179 691
167 223 197 723
177 219 179 627
175 219 189 699
171 223 201 659
137 263 411 187
135 255 381 211
119 251 407 243
129 251 419 235
173 323 303 267
127 287 391 283
139 331 407 147
123 339 373 347
187 279 133 627
127 131 545 515
179 279 329 259
177 275 321 267
175 263 335 243
135 283 441 123
147 271 469 123
151 271 447 99
149 287 435 115
159 291 163 587
167 279 131 691
161 267 127 715
95 299 429 451
85 307 413 467
79 271 429 475
161 291 407 139
163 287 411 131
85 295 363 579
121 283 379 307
117 303 403 243
113 291 427 291
111 311 439 315
75 283 357 611
141 119 557 435
141 123 545 459
139 135 501 443
151 127 487 427
143 271 391 195
131 247 425 179
143 227 405 299
141 231 397 283
139 299 339 251
145 263 369 243
145 259 377 227
71 279 433 499
119 151 509 547
119 147 511 523
117 143 463 555
165 279 115 699
177 295 109 667
171 291 115 683
129 111 439 579
151 267 151 643
185 355 141 563
121 155 461 555
123 163 449 555
171 275 127 651
153 267 339 267
129 327 187 635
135 319 183 659
155 275 173 603
153 259 181 627
157 251 169 675
81 235 457 611
159 351 165 555
153 347 169 595
149 343 171 595
151 343 183 547
67 255 475 555
153 295 165 603
167 267 155 603
157 307 151 603
67 279 395 611
59 287 393 659
71 287 383 611
69 279 379 619
153 291 147 683
65 267 525 555
65 283 545 547
153 243 223 611
153 163 319 587
143 151 387 459
155 167 383 459
103 335 517 267
101 251 423 523
107 287 399 467
95 271 411 483
135 127 367 523
147 131 375 499
157 127 329 531
169 227 395 251
159 203 399 251
165 211 379 267
141 251 411 203
145 255 397 195
151 271 385 195
145 279 175 651
165 355 163 539
135 315 367 243
133 319 355 251
115 239 533 339
117 239 559 323
109 251 551 331
159 311 195 555
117 303 399 267
121 291 383 267
75 239 473 643
87 235 449 619
111 303 441 211
139 275 463 139
89 263 365 635
81 259 383 651
111 179 401 667
113 167 395 611
135 155 339 603
123 147 375 651
131 163 349 595
119 159 399 587
155 291 323 283
63 267 457 571
161 215 391 307
159 223 379 315
93 239 387 723
161 231 217 651
141 267 407 195
141 319 159 763
143 215 421 331
167 147 323 587
151 151 301 643
115 319 415 251
127 295 375 291
173 327 115 651
93 247 397 571
97 231 421 547
95 235 413 603
91 227 425 555
99 255 387 531
101 263 389 523
137 223 433 267
141 227 441 251
93 303 333 739
125 239 421 219
127 275 403 195
137 227 419 315
159 319 325 243
173 295 327 243
177 307 307 235
169 291 335 219
141 123 487 467
111 211 521 555
145 115 431 467
147 111 471 459
105 275 415 475
157 263 385 187
81 239 391 659
91 235 403 635
63 299 479 531
149 283 403 163
153 171 317 547
161 287 307 315
145 299 331 275
157 299 311 315
141 127 347 555
79 251 453 531
133 239 411 315
59 275 469 579
67 267 399 563
69 279 419 547
65 287 439 539
139 267 217 707
143 255 215 675
77 315 379 547
79 283 393 531
141 263 233 659
125 243 487 203
121 223 451 227
83 239 425 507
143 295 181 619
151 295 171 611
155 291 177 579
133 211 497 275
131 203 509 259
129 207 521 275
137 199 487 267
145 347 179 619
187 135 397 467
157 131 407 459
143 143 415 459
131 95 425 547
137 99 403 563
157 227 417 219
145 283 359 227
153 167 325 563
155 147 323 603
149 167 315 571
157 143 321 611
127 291 381 275
133 303 369 283
123 315 401 259
83 295 383 515
95 315 387 499
143 299 375 203
153 335 137 635
117 123 519 659
123 275 431 179
135 315 417 163
153 239 363 227
145 243 387 211
143 239 381 243
119 167 427 531
133 91 503 587
129 103 485 555
137 87 487 611
137 151 467 443
61 299 455 563
57 303 433 603
57 295 455 579
125 123 471 587
111 163 519 563
159 359 145 579
157 247 195 675
153 303 333 259
155 299 341 235
157 307 307 291
163 299 347 211
135 215 451 211
69 259 393 619
155 251 351 235
145 223 401 299
137 251 413 211
133 247 381 235
159 215 237 707
157 239 219 651
169 231 187 691
127 299 429 163
139 303 413 139
149 303 175 611
149 295 185 563
145 311 195 571
167 255 157 619
159 251 215 579
161 263 183 587
117 287 413 243
123 127 481 523
119 327 433 171
123 323 435 147
119 323 419 211
153 243 431 171
165 227 409 211
165 139 335 507
165 139 369 483
155 127 357 491
159 135 347 491
153 135 383 475
143 115 357 571
133 139 481 475
109 303 465 275
105 287 495 347
165 211 429 235
143 203 435 243
133 143 439 515
163 235 181 651
145 95 483 507
143 91 515 523
147 87 491 555
157 219 407 291
135 287 433 163
131 291 451 139
83 271 393 523
85 263 431 475
89 275 411 491
133 291 233 659
129 359 403 187
135 303 349 355
143 283 355 235
143 275 387 203
183 275 103 699
177 283 113 691
171 279 119 683
91 275 339 763
89 295 351 731
175 203 315 483
99 311 453 443
103 295 433 451
141 283 189 627
151 295 137 683
139 291 193 659
149 279 421 139
141 271 477 123
143 275 411 163
155 279 417 123
153 259 393 195
187 327 107 619
165 275 133 659
159 291 139 651
91 267 363 515
119 243 441 267
129 231 427 243
121 307 377 323
113 339 427 211
127 327 421 179
85 235 443 627
129 275 389 203
113 231 385 739
115 223 363 699
113 235 355 659
69 247 427 571
77 247 421 547
79 271 361 619
159 115 405 475
131 147 353 563
141 123 327 611
131 115 393 603
139 119 343 587
155 247 341 243
139 287 363 275
127 215 501 323
71 315 487 475
139 251 371 243
139 247 367 323
137 243 381 275
139 291 349 259
109 299 477 283
133 219 481 387
167 259 243 571
173 243 193 603
141 147 515 427
145 139 507 427
149 331 137 643
171 167 365 475
89 271 355 555
107 307 445 443
85 231 469 611
73 295 389 555
73 303 385 547
73 295 403 531
155 119 391 483
165 263 173 595
143 243 219 715
119 311 431 211
119 283 439 211
123 287 417 187
159 223 261 667
125 151 419 491
133 163 435 483
125 155 453 475
183 327 143 579
187 339 145 571
83 319 427 491
83 343 431 451
167 271 393 163
179 295 357 179
163 263 399 163
141 231 411 211
143 235 409 243
153 235 407 195
145 223 421 187
159 227 401 219
73 291 399 555
67 295 391 611
69 291 397 563
131 339 247 627
119 131 439 571
117 139 485 555
195 267 233 547
81 255 437 531
113 319 431 275
147 247 377 235
161 239 367 211
181 175 371 459
135 243 461 187
133 235 461 203
183 299 131 595
169 279 153 587
139 151 445 483
111 263 423 451
63 283 401 627
141 239 375 387
179 247 155 683
165 243 141 731
145 119 469 451
161 127 413 467
153 207 423 307
155 219 415 243
153 231 407 251
73 363 479 451
81 259 411 523
79 243 393 579
89 271 401 515
77 239 413 571
91 259 411 499
85 267 405 531
107 315 489 227
149 319 391 171
155 127 447 451
143 119 405 483
143 103 409 475
77 279 411 515
159 255 163 611
145 255 187 587
161 251 205 595
157 267 179 611
159 251 183 603
159 247 249 563
157 147 375 467
175 323 101 747
161 307 123 731
153 307 135 667
143 287 143 699
117 243 535 307
119 235 547 339
67 259 467 627
165 327 221 491
125 283 401 275
151 223 383 267
143 227 423 251
149 235 393 251
165 327 149 603
163 319 173 531
69 247 405 603
71 275 391 587
151 283 381 171
131 315 363 291
137 311 361 259
177 239 177 635
67 271 441 539
67 263 427 579
173 263 171 603
165 271 179 579
159 247 205 611
177 243 235 595
159 299 371 203
83 275 387 507
87 267 429 467
123 139 457 547
129 143 483 515
147 283 371 219
149 303 367 195
143 355 155 675
135 235 539 179
99 291 455 435
75 287 411 531
107 303 447 443
139 227 475 203
147 267 395 187
83 259 547 483
65 263 445 571
145 251 221 651
141 267 225 691
141 247 239 667
139 115 369 507
137 119 359 547
127 119 375 531
139 131 355 523
143 127 331 515
65 259 551 619
75 207 481 635
133 303 385 187
143 315 377 179
145 227 415 291
161 243 203 675
147 255 395 203
143 195 507 243
159 187 523 291
99 291 381 499
171 275 171 587
175 275 141 619
163 287 169 579
77 235 429 707
75 231 431 707
57 271 427 627
153 267 379 195
159 287 323 267
141 259 159 835
141 291 153 811
165 319 387 163
165 315 365 195
165 331 367 179
139 163 437 475
163 295 371 203
155 271 375 171
159 267 417 155
181 223 173 667
193 247 171 667
119 155 453 563
127 259 395 283
69 259 457 491
67 311 489 475
75 279 459 459
63 315 463 507
181 247 147 699
129 259 423 171
127 255 423 211
137 231 427 179
137 267 397 203
137 115 385 515
135 115 397 523
141 99 377 499
137 115 409 491
133 119 447 483
135 135 423 491
131 111 411 539
131 127 401 523
135 119 409 507
163 159 319 595
133 339 249 619
109 343 475 187
155 243 159 739
159 263 139 747
159 263 131 763
129 303 373 235
137 311 357 267
71 243 471 531
79 239 485 539
83 343 511 435
167 131 435 435
79 259 389 643
93 255 369 587
87 251 375 579
85 263 375 547
93 259 379 547
169 251 163 627
175 239 189 643
61 283 579 555
139 223 425 331
121 291 425 203
115 319 429 227
69 247 439 563
135 271 199 603
143 267 219 643
127 255 445 187
75 291 383 523
71 291 409 539
77 291 381 531
179 303 111 635
175 303 107 651
169 323 105 667
155 123 419 459
107 255 359 627
115 167 477 603
159 91 477 507
121 291 463 163
127 311 451 139
185 275 415 131
175 283 387 147
91 243 405 571
93 247 423 539
161 239 209 659
135 239 405 315
137 279 383 179
145 295 381 195
145 127 453 435
157 111 463 395
149 123 435 459
135 251 409 219
187 291 117 659
159 143 317 619
155 159 311 611
171 247 195 627
169 231 199 643
171 243 425 163
171 235 487 147
127 307 221 819
147 327 289 539
65 267 429 611
145 95 473 523
155 203 417 243
157 195 455 227
157 215 427 211
147 215 431 235
125 115 491 579
167 359 119 659
125 147 417 595
123 151 401 619
125 139 415 643
121 163 393 603
151 211 469 235
141 211 467 331
81 263 447 515
133 279 405 187
145 295 225 555
139 255 233 723
145 235 205 747
141 263 191 731
149 227 365 259
153 275 241 579
115 151 525 531
135 143 545 451
141 131 513 451
141 147 467 451
137 147 471 435
85 279 381 531
79 251 397 539
103 243 375 595
111 231 403 611
131 227 437 323
163 167 407 411
159 235 233 635
157 263 217 579
173 279 387 163
77 267 435 539
79 263 409 531
163 247 347 219
167 227 363 259
167 231 331 251
135 227 425 291
85 299 351 651
65 287 383 691
167 295 147 603
151 323 421 107
147 303 393 171
147 247 207 667
149 255 409 171
155 247 375 211
83 235 491 571
159 287 145 635
129 111 479 555
125 135 457 555
93 295 339 747
149 315 145 675
139 211 499 235
143 195 471 275
121 159 477 515
107 259 525 259
161 267 339 243
167 291 363 211
83 287 373 563
81 311 379 555
83 299 371 539
129 335 369 307
157 311 147 611
91 231 405 675
87 235 419 667
133 271 419 195
135 287 385 195
135 263 355 291
101 339 417 451
135 251 253 643
131 267 251 651
135 259 251 683
165 271 151 595
137 295 379 243
143 271 335 243
131 283 279 643
149 343 177 563
75 275 411 555
75 283 427 539
75 291 405 507
137 255 237 683
133 259 273 683
135 239 275 659
131 251 285 651
175 147 323 571
159 231 213 723
163 219 223 763
159 223 217 715
161 235 201 715
161 235 209 683
141 243 349 259
163 271 251 531
157 291 229 523
175 247 219 595
175 243 257 571
171 231 229 603
171 255 267 555
111 267 469 299
111 267 493 291
141 223 399 331
127 239 383 355
143 311 213 571
147 315 209 555
143 299 225 571
145 307 213 571
143 263 197 683
163 227 175 715
167 223 203 683
149 227 217 675
145 247 223 691
151 115 339 571
125 203 529 315
137 195 517 259
131 207 505 251
133 215 499 251
115 275 437 227
117 283 419 227
115 271 447 171
179 363 195 499
73 279 391 579
89 215 439 603
155 135 379 475
161 247 247 587
153 239 223 643
147 247 251 595
59 295 431 579
59 287 461 571
61 299 467 555
63 287 459 547
57 287 451 611
165 287 215 515
87 223 495 619
105 291 321 643
97 291 337 675
101 295 339 619
131 251 371 251
135 295 369 251
133 271 355 299
143 243 403 227
155 191 433 387
157 175 415 411
163 179 389 443
151 187 403 419
129 291 243 699
139 303 355 243
151 299 321 283
153 287 319 323
163 279 311 283
153 275 329 283
125 287 331 427
115 263 407 315
129 243 415 339
119 271 395 299
123 263 385 323
85 279 371 587
93 279 345 579
123 327 231 643
129 307 195 651
139 303 169 675
137 319 191 651
111 275 465 227
153 259 343 251
165 267 337 315
149 211 429 251
151 299 199 539
71 259 419 555
73 251 397 571
119 239 567 315
163 315 239 491
177 327 225 483
167 307 239 507
161 319 257 483
167 323 241 467
163 327 229 483
81 275 397 499
93 279 421 459
137 259 219 819
129 275 205 851
133 267 217 827
133 275 213 835
131 275 221 795
143 259 193 819
151 187 543 347
161 279 195 547
161 275 183 571
165 295 165 547
165 283 159 555
157 279 179 571
163 219 253 635
101 311 435 427
85 303 427 451
167 271 329 347
163 335 363 195
89 291 415 467
161 179 301 555
147 279 187 563
147 287 175 619
149 279 313 347
155 311 303 331
149 307 321 299
157 319 317 283
157 291 185 563
143 291 219 579
149 251 347 355
71 291 375 659
83 283 355 643
75 315 355 635
99 267 355 579
101 247 373 587
93 259 361 579
155 263 235 579
161 275 203 523
155 275 215 547
57 303 495 555
59 295 481 531
127 159 449 451
135 171 501 443
123 243 423 467
103 247 437 483
89 267 363 603
99 259 339 651
85 267 365 603
97 263 339 643
153 267 333 363
143 259 347 387
147 215 421 299
143 299 207 579
163 307 157 595
161 299 197 531
159 287 205 555
105 227 431 539
157 299 323 267
157 163 353 483
143 179 433 427
119 319 417 227
121 323 409 187
147 295 361 211
143 255 409 195
73 299 509 475
119 291 385 315
123 311 245 707
129 299 209 699
153 151 397 419
165 127 401 451
151 147 407 435
119 135 489 555
123 107 515 539
121 127 497 587
137 315 353 291
71 299 363 699
71 283 371 699
65 279 393 683
81 335 471 443
75 307 453 475
127 283 263 707
79 271 519 459
87 259 527 467
165 251 425 171
163 271 403 155
137 323 215 571
141 335 189 579
155 323 183 555
143 327 217 555
137 171 433 483
137 155 445 451
143 159 427 435
131 355 357 291
127 347 369 339
141 351 407 275
