82 142 190 170
82 150 184 178
86 150 186 170
76 130 198 194
78 130 200 178
90 146 180 186
86 142 176 194
78 126 214 170
72 150 204 178
78 146 202 162
80 138 216 162
90 126 178 202
82 122 220 170
80 158 200 162
78 126 198 194
82 142 162 210
80 130 176 210
78 138 194 186
78 154 196 170
74 138 194 202
76 134 218 178
82 138 196 178
82 134 210 170
82 154 198 162
84 166 196 162
92 162 184 154
94 130 186 178
84 158 212 154
86 110 216 194
74 170 204 170
72 146 224 162
74 142 194 186
76 150 196 178
80 134 222 162
78 130 238 154
72 114 222 194
82 130 186 202
74 114 224 178
76 126 226 170
86 114 188 210
78 110 230 178
76 138 200 186
86 134 178 194
88 146 162 202
92 130 190 186
80 154 186 178
84 150 176 178
70 170 208 178
74 130 226 162
76 122 240 162
80 134 192 194
78 106 244 170
72 142 206 178
88 138 208 170
76 142 228 154
86 130 190 194
78 126 232 162
76 162 212 154
86 130 222 162
90 106 208 202
94 98 236 178
74 114 208 202
74 130 210 186
78 106 228 194
74 150 166 218
70 118 186 218
66 142 230 170
70 126 210 194
68 130 212 194
86 150 158 210
78 130 172 218
84 154 156 210
86 142 148 234
84 130 162 234
78 146 174 202
80 162 148 210
88 122 186 210
80 110 206 210
92 170 178 162
74 122 218 186
84 158 170 186
74 138 220 170
52 154 232 234
68 102 238 210
78 150 190 186
78 122 220 178
90 122 184 210
88 158 172 178
78 138 222 162
82 114 240 170
90 142 174 194
80 170 208 154
88 186 186 162
88 150 194 162
100 166 174 170
88 146 208 154
100 170 176 162
106 150 160 194
88 166 196 146
90 158 210 146
100 146 172 186
102 134 222 154
92 142 214 154
90 178 194 146
102 190 168 170
94 138 180 186
88 118 194 202
90 118 196 186
102 134 176 194
98 130 172 202
98 122 228 154
90 134 198 170
92 126 212 170
94 110 216 178
84 114 198 210
94 114 220 170
86 102 218 194
82 98 226 202
90 106 228 170
94 98 210 218
80 150 180 186
72 158 222 162
70 142 190 202
70 122 202 202
68 130 248 162
80 138 228 146
76 142 214 162
70 142 250 154
70 162 234 154
72 134 220 178
66 158 210 186
72 150 194 194
90 158 200 154
92 178 182 154
74 150 234 154
86 94 214 218
76 118 246 162
74 114 262 154
74 134 250 146
76 146 248 146
88 102 176 258
82 122 188 202
88 118 200 194
80 138 186 186
90 114 174 234
72 110 250 170
76 106 234 194
74 94 254 178
72 122 224 186
72 130 234 170
82 118 232 170
84 110 214 202
88 106 198 226
86 94 218 210
90 86 246 186
92 158 206 146
86 142 166 202
84 130 212 170
90 126 224 162
90 134 164 218
86 114 208 194
92 146 148 226
84 150 174 194
100 122 180 210
76 158 198 170
74 158 190 186
98 138 152 218
80 154 188 170
92 134 164 210
74 182 216 154
90 150 146 218
98 98 222 202
82 146 164 202
72 126 252 154
74 110 256 162
72 146 236 154
82 114 246 162
82 134 234 154
74 158 238 146
100 102 212 202
86 166 194 162
74 110 186 242
68 122 210 202
60 122 216 234
64 98 208 250
70 90 230 226
70 106 194 250
74 94 238 202
70 86 284 202
74 110 300 154
74 90 292 178
74 114 192 226
74 142 184 202
66 130 180 226
72 106 174 266
74 102 182 266
78 110 196 218
74 126 182 218
74 118 172 242
68 114 212 210
72 110 196 234
72 110 216 202
70 98 216 218
70 158 194 186
66 126 214 186
68 122 242 170
60 106 246 202
62 154 224 178
62 126 254 170
60 166 242 170
70 166 228 154
64 138 256 162
66 122 260 170
66 110 234 194
62 118 220 218
68 122 214 194
64 186 258 146
84 170 144 210
92 162 156 194
74 142 166 226
74 150 156 234
82 130 158 242
84 150 148 218
82 138 162 218
80 154 140 234
84 162 134 234
86 146 146 234
82 150 144 234
70 170 162 218
76 166 160 202
78 158 182 186
78 178 158 202
78 94 214 234
88 130 148 258
100 178 170 170
106 158 154 202
88 174 190 154
90 186 188 154
80 146 222 154
92 186 176 162
70 130 196 210
74 102 248 186
80 146 180 194
80 162 182 178
54 158 224 218
70 110 218 210
72 106 226 210
82 110 182 242
60 114 214 250
48 158 222 266
52 150 230 242
66 90 244 234
68 126 234 178
72 98 272 178
82 82 230 234
70 102 278 170
84 146 224 146
74 130 198 202
78 102 250 178
92 146 176 186
84 146 182 186
102 146 148 218
96 142 160 210
86 130 184 202
96 186 178 154
84 190 198 154
86 202 196 154
76 158 224 154
84 134 218 162
82 166 218 146
90 154 216 146
86 166 204 154
86 170 190 162
104 178 178 154
108 174 166 178
98 166 156 186
84 150 220 146
88 126 238 154
102 146 168 194
86 162 222 138
86 182 206 138
108 194 174 154
96 150 216 146
102 150 184 170
92 122 228 162
104 118 230 162
88 150 232 138
100 182 176 154
64 102 224 234
72 94 266 186
90 126 190 194
84 114 214 194
92 122 218 170
92 106 184 234
98 130 184 194
98 122 186 202
94 118 182 210
94 110 238 162
88 114 222 178
90 98 226 186
88 126 196 194
92 126 166 218
98 110 202 202
94 126 240 146
96 118 254 146
100 126 204 178
98 118 218 170
90 102 230 178
98 118 252 154
90 118 232 162
86 110 212 202
82 90 228 202
82 106 230 186
90 110 220 186
84 86 214 250
84 146 264 130
78 122 298 138
78 102 290 162
78 142 286 130
86 98 200 242
84 94 236 194
86 94 238 178
94 106 214 194
86 110 240 162
88 102 254 162
92 114 206 194
88 122 238 162
68 158 212 178
66 190 238 154
56 202 232 186
64 210 220 178
72 154 234 154
76 158 186 186
68 166 238 154
76 134 204 186
76 154 192 178
88 134 168 218
68 142 246 162
70 154 248 154
78 150 194 178
66 154 184 210
66 134 196 210
70 138 218 178
72 114 232 186
70 102 232 202
64 162 256 154
74 154 210 170
78 158 232 146
76 122 252 146
72 126 238 162
66 126 274 154
68 110 278 162
66 146 258 154
86 150 238 138
74 142 252 138
88 122 216 178
90 110 266 146
90 150 218 138
78 154 238 138
92 170 200 138
74 138 240 154
68 158 260 146
64 170 206 194
58 198 234 178
90 198 186 154
70 106 248 186
86 142 224 154
70 134 258 154
82 186 196 162
72 170 200 178
80 174 172 186
84 162 164 186
98 186 170 170
88 202 184 162
90 94 200 242
100 118 244 154
70 154 200 186
86 130 236 154
70 118 274 146
72 130 272 146
78 142 246 146
72 154 254 146
84 146 240 138
72 150 260 138
84 110 176 250
86 122 174 226
80 118 222 178
80 118 214 194
84 114 178 226
86 126 162 234
86 114 234 170
90 110 190 218
76 122 210 186
94 126 162 226
88 122 174 218
80 118 216 186
90 94 204 234
94 86 232 210
78 134 174 210
78 102 256 170
70 94 258 194
72 102 254 186
96 90 222 210
92 110 166 250
84 142 188 178
88 162 218 138
82 146 178 194
94 126 154 234
66 158 214 178
70 166 236 146
78 118 220 194
84 110 242 170
68 178 244 146
84 106 192 234
90 154 148 210
94 138 176 194
96 98 152 306
72 142 222 170
82 154 176 186
74 150 192 186
82 142 178 202
94 134 160 218
100 122 154 258
76 138 212 170
96 106 222 186
86 126 182 210
84 138 160 218
86 146 154 218
92 102 190 242
94 158 142 218
104 102 198 226
90 130 152 234
78 146 154 234
78 130 188 202
78 150 176 194
74 142 160 234
84 122 176 226
78 118 258 154
70 142 262 146
92 102 260 154
104 110 186 226
100 114 234 162
80 106 188 242
72 90 218 250
78 82 240 226
82 102 196 242
82 86 248 202
84 98 242 186
74 78 252 234
78 82 260 210
72 86 250 226
80 98 276 170
72 114 164 282
52 146 208 250
58 126 180 346
52 138 198 290
56 134 202 266
70 98 196 250
76 114 164 266
72 94 246 202
76 114 176 250
62 110 218 226
68 102 240 202
70 86 224 274
54 118 230 274
62 106 208 266
54 110 220 314
60 102 232 250
66 98 248 210
66 90 218 266
66 90 234 242
74 90 216 250
76 86 212 274
64 102 188 330
72 94 182 298
76 90 186 322
76 122 236 170
70 118 258 170
76 122 194 210
76 138 196 194
56 90 262 274
62 82 284 250
66 86 288 202
66 94 302 186
68 98 294 178
76 82 326 202
70 110 304 154
70 114 312 146
70 90 296 178
52 166 226 234
86 82 288 186
92 102 150 330
74 102 206 226
74 94 222 226
78 106 220 202
86 106 206 218
72 102 204 242
56 122 278 194
70 174 210 170
74 186 190 178
62 194 200 202
54 142 208 266
70 154 210 178
58 138 196 250
58 118 230 218
62 154 182 234
76 158 152 226
64 146 190 218
80 98 184 266
82 94 192 266
74 130 140 306
62 122 192 258
62 118 190 266
74 94 206 250
80 102 226 202
78 90 226 218
80 138 180 202
72 126 172 226
74 126 164 234
74 98 202 242
72 130 152 266
62 114 224 210
74 106 218 210
66 98 220 234
70 106 238 194
82 122 206 194
68 94 216 266
76 94 198 266
72 102 212 234
70 150 212 170
68 178 198 186
60 166 208 194
62 138 208 194
68 174 204 178
54 186 218 218
54 158 228 210
60 130 214 218
64 134 236 178
56 138 206 242
58 154 220 210
56 118 240 210
70 134 210 186
66 134 248 162
62 130 204 218
62 110 238 186
60 150 226 186
76 98 252 186
76 138 204 178
64 142 224 178
60 122 210 242
64 122 212 210
60 102 244 210
74 90 258 210
64 106 266 170
68 90 248 226
56 138 254 194
74 174 224 154
58 158 214 210
60 174 228 178
58 138 248 178
56 178 236 178
60 150 250 170
60 170 234 170
58 158 262 162
68 150 216 178
60 146 258 170
58 186 246 170
68 186 232 154
66 150 252 154
60 122 280 162
62 106 284 170
60 142 264 162
58 182 252 162
68 162 254 146
68 182 238 146
62 154 266 154
64 106 260 186
66 90 264 194
82 82 256 202
56 158 238 194
62 110 222 218
68 102 244 194
50 182 250 210
50 162 238 234
52 154 274 194
54 166 242 202
68 194 294 130
70 190 290 130
62 182 284 138
62 202 268 138
72 182 196 178
58 202 228 178
72 158 154 218
70 134 166 242
46 154 222 298
48 150 262 242
50 154 242 226
48 178 264 218
88 194 148 194
84 190 190 162
84 194 146 202
86 202 188 162
88 170 130 234
80 174 156 202
82 186 154 202
88 158 144 218
100 170 148 202
90 182 142 194
88 186 124 234
84 150 122 306
66 194 164 226
72 190 162 210
74 202 160 210
66 158 164 242
62 150 190 234
60 182 178 226
72 162 152 226
84 166 144 218
70 166 182 202
60 174 168 266
80 138 158 226
74 146 192 194
74 166 168 210
84 126 150 258
92 178 142 210
92 158 160 194
92 158 132 234
92 154 124 258
98 142 128 290
88 114 136 314
80 150 124 322
92 158 118 274
82 170 134 218
82 134 170 218
82 134 142 258
80 122 156 258
80 150 160 202
76 142 150 242
70 162 154 242
76 154 134 250
80 150 132 242
78 138 146 242
78 142 166 218
78 142 138 258
76 130 152 258
82 174 114 258
90 114 158 274
94 146 122 282
86 142 138 242
82 146 136 242
78 114 150 290
84 130 152 242
80 134 150 242
92 130 134 282
82 150 124 282
74 122 156 274
92 142 142 234
84 154 136 234
70 162 164 218
68 190 166 218
68 186 172 210
74 186 164 202
74 162 194 178
74 182 170 194
88 182 140 210
84 98 190 258
78 118 158 266
96 186 162 178
98 174 150 194
86 190 200 146
104 186 172 162
100 190 170 162
76 186 184 186
76 130 246 154
74 150 246 146
84 170 158 194
96 194 172 162
66 142 190 218
74 182 202 170
82 162 170 194
72 134 196 202
50 162 214 250
52 146 238 242
52 178 228 218
52 174 234 210
68 94 236 218
80 94 200 250
60 134 188 258
70 114 174 258
72 110 182 258
72 98 250 194
70 78 264 250
48 146 210 314
60 110 212 258
66 86 242 242
50 118 244 266
50 110 234 306
60 102 226 266
62 90 236 266
76 86 226 258
44 182 224 274
46 198 238 242
44 174 214 314
56 138 192 282
48 158 210 290
56 126 208 258
48 154 220 274
48 142 226 290
46 178 226 266
62 102 238 242
52 154 222 242
48 134 216 330
50 134 220 314
60 94 252 258
64 90 256 242
86 86 200 274
78 86 206 274
68 106 264 178
68 106 290 162
58 130 182 314
62 114 184 290
62 94 218 258
74 94 182 290
76 82 232 258
60 114 228 202
68 86 240 234
74 86 232 258
68 102 290 178
80 82 252 210
80 118 144 282
70 94 212 274
80 130 248 146
78 150 248 138
94 158 214 138
82 162 234 138
90 78 218 266
94 162 144 210
106 134 152 226
100 130 164 218
98 118 166 234
92 114 156 266
96 98 188 250
74 126 270 146
96 178 196 138
88 170 160 186
82 206 208 146
80 206 220 146
72 142 248 154
78 150 242 146
90 158 222 130
86 162 208 146
80 182 228 138
100 166 206 138
88 194 170 178
100 178 194 138
102 198 176 138
102 178 200 130
112 186 170 162
118 166 154 194
100 182 190 146
76 166 234 146
106 174 148 194
100 166 150 202
94 170 168 178
86 162 206 154
82 146 246 138
82 166 230 138
84 134 256 138
92 134 240 146
108 190 168 162
80 162 210 154
100 146 234 138
84 178 232 130
100 154 212 146
90 118 254 154
100 146 218 146
88 110 238 170
88 126 198 186
84 170 228 138
108 186 166 170
114 170 152 194
114 178 192 146
96 186 188 146
82 86 246 210
60 98 234 258
64 118 214 202
72 98 262 186
56 110 242 274
68 106 256 186
68 118 286 154
82 114 206 202
92 126 224 154
102 134 208 162
86 122 246 154
94 98 194 250
102 146 196 162
88 114 176 226
94 98 212 210
96 114 174 226
88 130 210 170
94 126 174 202
92 106 196 218
98 130 272 130
100 122 286 130
92 122 266 138
92 162 300 114
96 178 286 114
108 154 206 154
80 154 262 130
90 78 234 234
84 94 250 186
88 98 256 170
92 106 252 162
96 98 204 218
96 122 206 178
88 114 258 154
82 74 238 234
82 90 274 186
96 106 288 146
88 126 308 130
96 98 252 170
88 110 274 146
80 110 286 154
82 98 222 210
86 90 204 242
78 102 222 210
86 90 214 226
86 98 230 194
80 98 228 210
88 98 202 234
88 110 204 202
78 102 200 242
80 102 202 226
86 114 200 202
80 130 288 130
90 154 268 122
90 142 294 122
78 150 288 122
94 118 302 130
94 158 254 122
86 158 276 122
86 146 300 122
82 138 320 122
74 126 310 130
76 174 324 122
88 166 308 114
88 154 276 122
86 82 210 274
98 126 136 290
88 82 258 186
88 98 260 162
80 98 248 186
88 82 226 226
86 102 232 186
90 94 224 202
84 90 264 170
82 102 216 202
84 102 238 186
92 102 212 210
92 114 214 178
84 106 266 154
84 126 250 154
96 70 212 298
104 82 196 282
100 78 230 234
66 174 222 170
64 210 242 154
54 190 200 250
52 206 222 218
56 198 218 202
54 222 236 186
58 170 212 210
68 102 222 218
80 102 186 250
92 102 152 298
90 94 176 290
90 90 198 258
84 86 204 266
90 82 222 250
76 150 204 170
74 154 230 154
70 150 260 146
72 162 208 170
66 162 264 146
80 150 152 226
72 138 216 178
76 154 190 186
80 178 166 194
66 138 272 154
60 186 250 162
74 170 178 194
66 162 178 218
72 142 182 210
74 162 188 186
62 178 186 218
62 158 174 242
62 190 202 210
62 158 198 218
68 138 256 154
70 110 254 178
76 178 256 130
88 110 278 138
68 158 246 154
62 158 282 146
62 178 266 146
82 146 214 154
70 146 242 162
78 150 224 154
72 162 256 138
76 174 242 138
90 190 204 138
82 134 262 138
80 114 290 146
82 118 282 138
70 126 276 138
86 134 242 138
74 138 262 138
88 154 224 138
70 122 264 154
72 106 268 162
64 142 284 146
86 118 268 146
84 154 242 130
72 158 262 130
90 106 304 146
90 102 272 154
90 102 244 170
100 122 256 138
98 182 210 130
90 194 218 130
84 154 182 170
88 170 220 130
78 174 222 146
84 194 214 146
78 194 176 186
90 190 178 162
68 150 268 146
62 174 258 154
70 182 186 194
60 170 190 218
72 162 218 162
64 150 214 186
72 154 186 194
92 146 152 218
104 166 178 162
66 130 266 162
98 122 156 250
88 102 200 226
90 102 192 234
86 102 166 274
88 114 150 282
92 98 178 266
96 114 162 250
96 78 200 282
66 166 194 194
68 142 190 210
68 170 210 178
68 138 278 146
80 130 264 138
68 134 284 138
66 150 282 138
84 142 156 234
88 98 172 282
94 98 154 298
88 110 192 226
94 94 172 298
94 90 194 266
90 114 160 266
84 118 160 258
96 114 150 274
88 126 144 274
96 110 160 274
88 114 164 250
84 110 264 154
76 126 200 202
80 98 252 178
86 106 208 210
84 94 208 226
86 142 158 218
80 90 224 218
88 86 210 250
86 78 228 250
88 118 256 154
78 134 196 194
72 130 188 210
76 102 240 186
94 106 192 226
88 102 204 218
92 94 232 194
100 90 208 234
92 94 184 274
86 118 162 242
82 114 192 218
80 126 170 226
88 90 200 250
68 122 166 258
90 118 186 210
74 146 168 218
74 118 198 210
70 130 170 242
80 110 186 234
88 90 270 162
76 106 252 178
78 86 258 210
90 86 240 210
104 86 220 242
94 70 246 242
92 90 196 250
96 82 224 226
82 122 178 218
80 126 212 178
80 146 200 170
92 126 176 210
76 134 166 226
90 134 154 226
92 146 138 234
90 130 166 226
102 130 144 250
62 170 208 186
62 150 232 162
64 174 224 170
74 174 232 146
70 158 244 154
74 162 206 162
68 154 226 170
66 170 248 138
68 162 262 138
68 182 246 138
80 114 254 162
60 190 260 154
64 202 246 154
84 126 266 138
86 118 280 138
112 134 140 258
108 110 154 282
70 142 184 210
80 154 158 202
98 142 144 226
86 138 152 226
86 110 170 250
78 94 200 258
84 86 222 234
92 162 114 298
90 162 142 218
98 162 140 218
110 130 140 266
98 134 138 266
98 150 118 274
90 154 138 226
88 150 136 234
98 182 154 186
100 174 150 186
92 106 182 242
98 146 172 194
102 106 140 322
96 94 146 354
100 106 148 306
96 90 162 338
108 94 172 290
98 90 162 322
102 90 170 314
98 86 184 290
92 86 184 322
92 82 190 298
100 90 190 266
100 118 146 274
90 82 204 298
110 134 128 290
98 134 142 250
78 158 188 178
78 142 186 194
78 154 186 186
76 118 242 170
102 110 198 210
86 138 168 202
84 146 154 226
88 150 166 186
82 166 170 186
88 98 198 242
92 114 142 282
102 114 164 234
80 110 148 298
86 118 152 266
92 106 164 258
82 126 148 266
86 130 142 266
68 130 150 298
68 138 146 282
78 158 170 202
74 150 154 242
84 118 168 250
62 138 162 298
62 142 170 258
62 166 194 218
80 106 200 226
72 146 180 210
76 146 294 130
88 114 270 146
96 110 256 154
70 182 298 130
80 178 280 122
38 186 238 434
42 194 208 418
46 202 204 410
72 106 208 218
74 90 208 274
74 82 228 266
80 82 230 250
78 78 234 274
82 82 226 250
70 82 268 234
88 78 244 226
78 90 206 250
80 86 192 298
92 82 252 202
76 82 244 218
80 86 252 194
88 70 278 242
78 66 272 250
74 74 250 242
76 82 268 210
76 78 242 258
74 74 246 282
66 78 298 250
64 82 258 282
78 78 238 258
92 74 286 218
86 78 252 218
82 70 280 226
78 78 258 218
80 70 266 258
70 82 240 250
72 102 240 194
84 110 278 146
78 98 284 170
78 86 202 282
80 106 168 274
84 106 172 266
68 98 228 226
68 102 174 290
68 110 160 346
62 122 178 290
72 102 164 290
74 98 172 290
58 110 202 338
56 174 186 282
48 170 210 258
48 162 200 298
56 126 216 242
68 138 196 202
50 150 232 258
52 142 226 258
52 126 222 274
50 166 212 250
52 146 196 274
58 154 192 226
56 142 198 250
46 158 214 290
54 138 216 250
54 130 216 258
50 162 218 242
60 126 192 226
78 158 168 210
58 130 190 274
66 110 190 258
62 134 182 258
60 126 176 362
60 110 188 354
58 134 176 330
64 142 150 330
52 118 212 314
54 138 202 274
52 130 200 290
54 122 206 298
56 118 212 298
70 82 206 282
70 94 214 258
64 102 226 218
60 126 178 266
58 138 210 218
70 114 236 186
62 134 202 218
58 126 204 258
66 106 208 234
74 126 188 210
62 130 208 210
74 98 182 274
74 78 210 306
70 134 140 346
74 94 198 282
64 146 158 290
72 154 138 306
68 126 154 282
64 98 238 218
56 110 210 338
68 90 208 290
68 114 178 234
72 98 236 210
60 118 218 242
60 110 234 226
74 82 216 274
72 82 234 250
68 82 224 322
58 90 280 258
52 122 234 274
58 90 236 322
58 114 204 274
52 110 252 266
52 138 248 226
58 102 234 274
64 98 236 234
56 102 250 250
52 102 242 306
60 90 216 290
54 106 238 306
54 118 208 314
58 102 220 282
56 98 252 250
62 110 196 282
62 110 204 258
66 106 194 258
60 102 200 298
70 90 204 290
62 102 196 298
64 102 192 282
58 102 210 290
64 94 214 274
56 98 222 290
60 98 212 282
64 86 226 290
64 90 222 274
74 86 214 266
58 118 222 250
62 110 188 346
66 94 192 370
54 114 200 394
56 114 196 338
68 90 204 306
68 90 206 298
66 102 184 346
78 90 178 330
56 114 210 306
56 110 228 282
58 110 210 266
62 98 204 322
58 106 208 274
76 94 168 322
66 98 190 322
76 86 180 370
84 82 196 322
72 94 172 314
80 90 158 346
62 126 166 314
66 110 168 290
68 110 170 274
62 130 174 274
64 110 184 314
76 102 224 210
54 150 300 178
54 86 284 282
68 74 298 282
54 82 330 266
50 106 288 274
48 142 286 250
50 110 296 250
52 94 300 258
46 122 240 370
50 98 278 314
54 98 262 290
52 94 286 274
52 86 290 298
54 102 272 250
62 82 280 282
58 82 272 290
70 70 282 282
70 70 254 298
58 82 288 266
62 78 278 298
60 78 284 298
56 86 314 274
64 98 298 178
80 90 290 186
58 90 288 234
58 86 334 218
54 114 300 202
56 98 304 210
68 90 304 178
56 98 290 226
56 90 294 250
62 94 306 186
62 86 276 242
62 86 292 218
60 90 318 226
72 82 288 218
84 82 296 186
82 74 298 218
74 78 302 218
58 126 274 186
68 98 288 186
58 86 306 258
66 82 318 234
76 70 276 258
70 78 344 234
60 114 312 170
62 98 316 178
60 86 270 266
82 70 248 282
88 66 270 258
64 98 280 194
64 106 312 162
72 78 288 226
62 90 248 258
76 74 276 226
56 94 276 266
74 74 286 234
76 70 304 242
70 74 280 258
64 94 292 194
84 74 288 210
78 82 304 202
80 82 294 194
80 94 314 170
88 70 260 274
72 82 330 202
66 114 316 146
66 122 300 154
70 122 314 138
82 114 320 138
68 130 322 138
62 150 316 146
64 166 322 138
72 154 300 130
62 122 316 154
74 98 298 170
78 86 314 186
76 86 296 194
82 106 306 154
72 102 306 162
84 86 302 170
88 78 296 186
82 78 310 202
88 86 308 162
44 158 228 306
82 86 312 178
78 82 310 194
86 78 306 194
82 90 280 178
92 70 336 218
98 74 260 226
94 66 264 266
68 154 138 346
58 142 172 330
98 110 138 346
84 82 176 378
84 78 180 346
92 90 164 330
84 110 140 354
92 98 150 354
92 82 176 346
80 94 152 338
88 90 138 370
86 82 176 362
86 78 198 330
92 82 180 330
80 126 126 378
94 130 132 298
82 110 144 314
80 126 134 298
84 114 144 306
90 122 142 282
82 122 138 298
80 90 174 338
88 102 152 322
62 126 174 306
88 86 198 282
76 90 194 274
88 106 142 322
68 110 186 266
72 110 158 298
70 98 244 202
82 94 216 226
82 86 232 226
78 102 192 250
70 110 184 250
70 94 226 242
58 174 176 258
60 146 176 258
58 150 182 290
56 158 184 290
104 126 132 306
86 142 122 322
98 138 122 306
92 102 146 346
72 94 228 226
88 82 192 314
84 82 188 330
90 70 238 314
90 70 240 306
88 70 234 378
86 66 250 290
100 78 194 322
100 74 284 218
52 202 254 194
54 142 282 194
70 114 240 178
66 118 226 194
50 126 270 242
70 118 260 162
52 114 300 226
54 106 286 218
54 138 288 186
52 134 260 226
50 206 252 202
52 178 276 186
70 146 196 194
52 166 238 218
54 150 242 210
56 106 274 226
54 122 272 202
56 110 282 202
58 94 286 210
52 122 280 226
52 130 274 218
54 114 246 226
50 142 256 218
52 126 288 202
54 110 292 210
52 146 272 202
52 126 244 242
56 102 276 210
56 94 280 234
68 194 214 170
60 182 224 178
68 190 220 162
60 214 204 202
62 186 204 202
78 194 186 178
78 182 160 194
64 194 204 186
66 166 204 186
70 186 184 194
72 202 200 170
52 174 206 258
52 166 228 226
54 146 206 258
54 126 240 226
52 198 202 234
54 170 202 234
52 178 190 258
54 150 190 258
54 194 204 226
56 166 204 226
68 158 208 186
58 174 204 210
60 146 204 210
64 166 184 218
52 170 212 226
54 130 224 226
52 142 214 266
56 154 204 234
58 134 226 202
64 194 158 266
58 178 170 266
60 150 170 266
48 202 226 234
50 198 228 226
52 146 240 234
54 126 262 202
56 146 178 306
50 146 198 298
54 134 210 266
74 150 180 194
66 138 234 178
64 178 222 178
56 118 220 274
58 110 244 226
56 98 254 242
60 110 228 250
60 106 218 266
54 178 222 218
68 130 180 218
58 158 222 202
60 134 204 218
58 110 240 250
58 106 256 194
58 98 260 218
54 166 222 226
56 146 244 194
60 122 220 226
68 138 220 178
58 114 234 234
58 122 220 242
60 106 270 186
54 122 230 266
56 114 280 202
56 130 278 186
60 174 186 234
56 178 194 234
64 166 186 202
74 166 130 282
66 166 166 234
68 138 166 234
72 158 136 250
70 150 142 266
68 166 158 242
66 170 146 274
62 134 172 274
70 138 158 242
68 142 146 274
72 146 158 234
74 154 152 234
72 158 128 330
70 174 138 306
74 154 140 250
58 126 218 218
58 134 186 266
58 170 202 218
56 186 182 290
58 118 216 258
72 94 204 274
62 110 214 242
60 138 188 250
86 94 178 290
82 86 216 250
70 106 172 346
70 114 160 314
74 110 150 346
72 134 138 322
74 98 168 338
70 90 190 330
68 106 174 282
74 86 196 298
84 86 168 330
74 98 164 354
70 126 136 370
60 114 184 362
74 86 194 306
80 106 146 314
64 110 180 362
80 102 156 330
64 138 154 314
68 110 166 314
70 126 144 290
68 118 150 306
76 114 152 282
78 110 160 282
74 114 160 274
78 94 192 274
74 118 140 314
76 114 148 314
74 114 154 298
84 122 134 330
78 118 148 298
84 146 124 314
72 122 148 290
64 106 200 266
56 130 196 306
58 126 192 298
64 106 188 306
82 90 184 298
80 118 182 226
82 118 174 234
82 90 212 242
78 98 248 194
88 86 230 218
76 90 230 210
74 82 236 234
78 86 224 250
60 134 206 202
80 130 162 242
82 130 154 250
72 106 202 226
66 106 180 306
66 118 162 266
78 134 160 234
70 122 172 234
74 106 194 234
66 102 190 290
70 110 166 266
74 118 158 282
72 114 166 258
70 122 160 250
62 106 234 242
70 106 228 202
68 102 206 250
64 94 212 282
58 130 194 266
56 114 214 298
62 130 184 258
62 114 194 234
70 122 200 210
74 90 204 282
78 126 144 282
74 158 208 170
70 158 246 146
66 154 202 202
68 170 216 170
66 134 236 170
64 146 216 186
68 166 222 162
68 170 190 194
72 166 180 194
58 186 212 194
60 158 212 194
66 194 208 178
64 174 204 194
56 170 198 226
56 162 220 194
58 182 218 186
54 142 216 234
66 146 204 194
62 146 242 170
58 142 198 226
66 138 194 218
58 122 232 194
56 150 214 234
72 150 198 186
60 154 218 186
50 190 208 250
50 182 230 218
52 142 242 218
68 130 264 154
58 162 206 218
54 154 226 218
52 186 210 242
56 174 212 218
52 178 232 210
54 198 230 202
52 174 238 202
56 122 236 226
54 142 238 218
56 134 204 250
56 114 238 218
62 130 226 202
60 118 260 178
54 134 240 218
54 138 244 210
54 118 252 218
50 130 246 250
54 134 250 202
54 134 212 258
52 154 234 226
70 142 244 162
66 118 234 186
62 118 272 162
60 158 260 162
64 150 258 154
58 142 246 178
70 118 202 210
56 154 216 218
76 146 208 170
68 134 200 194
60 130 242 186
58 170 230 186
66 110 224 210
60 98 252 210
60 110 250 194
64 122 224 194
64 102 248 202
72 122 228 178
60 126 248 178
58 166 236 178
70 94 240 210
76 90 258 194
64 130 204 202
64 114 180 250
60 106 236 210
72 106 200 242
58 102 256 218
60 94 254 242
62 94 254 226
62 102 256 194
74 82 264 218
68 114 262 170
64 102 280 186
62 106 278 178
68 114 302 154
66 118 252 178
72 78 268 242
54 146 276 186
60 138 274 162
52 150 248 202
54 126 244 218
54 154 264 186
70 130 228 178
58 106 242 250
56 122 268 202
72 86 260 202
52 106 260 242
56 106 250 234
56 118 234 250
52 134 230 250
60 122 198 250
50 146 248 242
72 190 234 146
60 178 284 146
54 170 256 170
56 154 248 186
56 178 218 210
52 182 226 210
56 154 240 202
64 162 210 186
56 158 252 178
54 198 240 178
58 170 254 170
58 190 238 170
56 138 260 186
56 134 274 170
58 118 278 178
56 154 258 170
48 182 244 218
54 194 246 170
58 166 260 162
50 162 270 202
56 146 252 186
62 182 260 146
56 154 288 154
56 174 272 154
60 170 282 154
54 190 236 202
72 174 214 162
58 142 284 162
56 202 256 162
80 186 222 138
66 202 242 146
60 174 270 154
58 122 292 170
60 106 296 178
64 146 278 146
64 166 262 146
64 134 298 154
64 130 316 146
66 118 310 154
56 114 302 194
58 106 288 186
58 138 290 154
60 94 298 194
62 102 298 186
66 102 272 186
62 134 312 154
56 134 262 194
50 186 260 202
54 174 250 194
60 154 318 146
60 174 302 146
70 98 266 186
62 90 268 210
66 86 268 234
66 86 278 210
64 90 276 202
66 94 246 226
68 82 298 218
64 86 264 242
70 86 254 226
70 90 250 218
82 98 240 194
74 86 238 218
76 82 224 266
82 78 274 210
74 82 278 210
50 214 248 202
50 190 270 194
50 210 254 194
44 198 216 290
46 194 218 282
46 154 208 322
48 154 260 250
50 158 240 234
54 158 258 194
54 178 242 194
52 150 236 226
64 110 262 178
56 122 228 258
60 118 222 234
50 134 222 306
52 194 284 178
48 186 268 202
52 170 284 186
52 214 272 178
52 190 294 170
50 134 326 234
52 186 292 178
46 158 266 242
46 186 240 242
48 202 254 210
48 178 276 202
50 190 244 210
44 174 244 274
48 158 264 226
50 170 232 234
52 170 244 210
50 174 278 194
48 146 296 226
50 138 282 218
52 162 268 194
66 186 334 130
60 174 324 138
60 194 308 138
58 178 316 146
58 198 300 146
74 202 298 122
74 198 326 114
66 190 320 122
68 174 324 130
76 194 312 122
74 206 252 130
60 202 288 138
60 222 272 138
68 214 278 130
68 186 316 122
68 206 300 122
60 198 294 130
64 178 276 138
62 186 252 154
50 202 198 290
52 234 246 194
46 222 208 290
46 210 208 298
46 218 214 282
46 130 254 290
50 198 190 322
80 134 172 210
64 162 148 314
58 166 172 290
60 138 172 290
54 190 168 330
56 162 168 330
54 210 180 306
50 126 224 298
52 118 250 258
52 134 272 218
54 98 282 266
54 106 246 266
64 114 282 162
70 202 218 162
54 206 218 210
56 218 238 170
68 182 156 226
76 166 150 218
74 166 148 234
72 150 172 202
68 162 144 250
68 162 184 202
68 142 178 218
62 166 168 226
64 138 168 226
70 154 180 210
84 158 124 266
66 138 156 274
64 134 182 234
64 122 174 266
66 118 190 242
78 118 154 274
68 198 140 306
58 174 170 306
52 150 282 194
52 170 266 194
50 114 324 242
52 122 314 218
52 106 310 234
54 90 320 274
44 150 218 346
50 150 192 306
44 154 226 330
42 158 212 330
46 146 224 298
44 162 226 306
44 146 230 346
56 138 174 362
58 94 258 274
60 86 256 298
58 94 238 290
56 90 256 306
52 98 262 306
68 78 248 290
74 74 238 290
52 102 290 266
54 90 276 338
62 86 272 258
42 186 230 282
50 158 202 266
50 182 220 234
46 154 242 290
46 170 266 234
50 142 240 250
44 162 236 290
42 166 222 290
44 182 236 258
46 162 220 282
50 158 222 258
48 146 240 266
44 178 242 250
46 154 296 266
44 154 252 274
46 166 272 234
44 154 240 306
62 138 176 266
54 126 230 258
54 122 214 274
46 222 246 226
44 190 274 226
48 210 216 234
44 222 218 266
46 238 232 234
46 234 238 226
46 178 244 234
42 182 268 282
54 190 184 266
48 190 204 258
46 218 220 258
46 214 226 250
54 186 222 210
50 206 218 226
52 186 202 250
48 230 240 218
46 158 232 258
48 174 246 226
50 154 230 250
48 150 234 274
48 154 230 258
50 166 262 210
50 150 246 242
48 158 246 250
46 198 268 218
48 126 266 258
50 170 252 218
88 202 142 202
98 206 172 154
90 194 164 178
82 214 150 202
84 198 160 186
84 194 142 210
98 222 132 210
80 198 158 194
82 206 200 154
82 190 180 178
82 210 156 194
96 190 112 250
76 198 158 210
86 178 130 218
96 162 120 258
86 182 110 258
76 170 148 226
92 190 136 210
84 130 140 274
96 166 114 274
98 190 134 202
102 202 156 170
98 194 160 178
86 206 144 202
86 170 152 202
94 186 136 210
88 178 176 170
86 186 154 186
98 206 148 186
98 174 132 218
88 198 152 186
100 210 126 210
62 182 162 282
86 174 130 226
84 178 128 234
84 182 108 274
96 154 116 298
82 154 120 322
92 162 108 338
80 146 118 370
88 110 130 362
92 154 112 322
90 142 120 298
82 170 108 306
56 206 180 234
54 226 216 218
68 186 154 234
56 198 170 274
56 186 186 274
64 210 156 258
66 186 166 226
64 210 174 218
70 174 158 226
78 194 136 226
78 198 116 266
70 210 166 210
70 206 172 202
66 154 156 250
62 146 182 242
60 182 166 250
64 162 186 218
58 202 182 226
66 198 176 218
68 174 182 210
58 198 188 218
76 150 152 234
74 150 148 250
70 158 186 202
70 170 152 234
84 162 136 226
82 150 150 226
90 198 140 194
80 186 132 226
70 154 130 370
56 158 176 338
66 182 140 370
60 194 158 314
66 154 148 346
56 174 176 306
80 134 144 250
78 122 158 250
68 186 142 298
72 178 120 306
70 182 136 314
62 158 160 306
68 174 164 234
76 158 142 242
82 126 146 274
86 102 148 338
82 130 126 314
88 134 130 306
82 130 144 274
76 162 122 282
74 138 132 346
76 134 144 266
58 126 182 322
74 122 158 266
82 114 142 314
76 110 144 322
80 126 142 290
68 134 148 290
86 114 138 306
78 158 144 226
82 142 134 266
80 126 152 258
90 134 132 290
78 134 146 250
70 154 170 218
80 130 136 290
62 162 186 226
84 106 180 258
84 162 124 242
84 142 126 306
88 138 124 298
84 130 120 330
104 202 122 234
96 166 128 234
92 134 130 282
88 126 126 314
88 150 116 306
90 150 124 274
90 166 104 282
96 154 108 314
80 158 124 290
90 98 138 362
92 122 132 314
94 122 124 330
80 130 128 330
92 90 182 298
94 86 180 322
86 154 114 314
86 126 130 338
92 146 124 290
80 154 122 346
84 118 136 306
82 102 152 330
92 142 132 266
102 150 112 298
94 146 128 258
86 146 128 274
100 146 132 250
78 174 146 210
74 150 164 226
80 166 168 194
72 178 148 226
90 178 126 226
70 130 200 202
78 122 180 226
90 118 158 250
74 106 188 250
78 122 152 266
78 134 136 274
76 122 150 274
90 138 132 274
70 102 180 274
78 106 164 282
80 158 154 210
84 158 156 202
76 138 170 210
76 134 184 202
70 158 174 210
76 154 172 194
76 150 154 218
88 134 148 234
78 150 142 242
70 134 148 266
68 118 170 258
72 134 162 242
80 146 126 290
94 134 130 274
92 122 144 274
60 174 170 250
72 154 144 250
64 150 162 266
70 142 142 274
72 126 154 266
78 130 138 290
72 142 144 258
76 138 142 250
68 126 156 250
88 162 118 274
72 150 130 314
76 146 128 306
66 142 152 282
70 154 156 242
66 162 148 258
70 158 146 250
72 158 146 242
76 154 144 234
78 162 132 250
80 162 130 250
70 150 140 282
76 150 126 258
74 138 140 258
78 170 118 242
88 158 122 266
82 134 134 290
74 146 178 210
86 126 154 250
58 166 176 266
62 150 166 290
62 142 168 282
64 154 154 274
68 150 152 266
64 130 188 242
70 142 136 330
70 150 152 258
74 142 132 274
72 130 146 274
74 130 148 266
76 162 124 258
74 138 134 322
74 146 150 250
82 126 140 282
66 110 176 274
70 118 160 282
64 134 158 298
72 182 128 266
82 158 128 250
76 182 120 298
84 158 116 306
84 162 120 274
80 166 122 242
74 138 154 250
92 138 134 242
84 150 128 242
84 126 160 242
84 154 118 290
82 146 150 234
84 122 148 266
78 150 148 234
64 126 152 394
58 138 170 338
76 98 168 298
74 134 136 306
60 146 166 306
58 146 180 298
74 110 158 290
90 126 148 242
82 138 142 242
82 114 174 242
74 110 176 258
84 110 172 258
82 110 162 266
66 134 158 290
60 150 154 330
64 134 156 306
60 154 162 290
90 142 114 306
86 158 120 282
82 146 118 330
76 138 132 306
84 138 134 266
58 154 176 282
64 134 148 378
58 146 166 322
62 130 168 298
90 146 132 266
88 122 170 226
88 162 132 234
80 134 164 226
68 182 168 218
68 178 174 210
66 206 176 210
72 202 174 194
72 178 204 170
84 186 152 202
68 98 192 266
76 94 178 298
58 142 176 322
56 174 180 298
56 126 192 314
92 190 174 170
102 206 170 146
108 198 162 170
114 178 146 202
56 206 212 210
54 218 238 194
60 202 202 210
54 230 230 194
70 134 270 146
66 158 198 202
64 150 200 210
88 178 154 194
80 170 178 186
82 154 148 226
50 146 204 266
48 182 218 250
54 158 204 250
44 174 220 290
48 178 224 242
52 186 262 194
52 182 268 186
50 194 238 210
58 130 200 242
48 166 232 242
50 138 194 306
60 118 180 306
48 174 208 290
60 106 220 258
66 82 250 242
56 122 232 250
64 102 214 242
72 94 222 242
62 98 244 242
58 142 184 266
78 82 214 274
84 94 186 274
54 134 198 282
60 118 192 282
60 126 190 258
78 106 184 258
84 102 214 210
80 102 172 282
70 86 264 218
70 74 278 266
68 78 276 258
72 70 298 274
74 78 236 274
64 82 272 274
44 178 210 330
56 130 204 274
58 114 224 242
50 106 232 314
44 170 212 322
48 130 214 338
48 150 202 314
48 138 212 314
50 130 218 322
54 130 198 322
52 138 214 282
56 122 206 266
62 98 236 250
66 94 208 282
72 94 192 290
64 126 164 282
64 118 160 306
64 98 194 274
56 134 184 298
72 106 160 330
76 98 158 306
62 118 178 298
70 98 178 282
60 114 204 258
70 86 228 266
56 142 194 266
56 134 190 290
52 134 228 266
50 118 284 250
46 118 280 314
54 90 282 282
44 130 250 306
52 122 236 250
50 122 240 282
50 114 242 274
52 118 260 234
46 142 246 274
48 134 244 274
48 134 238 290
48 138 248 266
54 114 234 266
52 102 252 274
48 134 254 258
48 126 234 314
58 98 220 346
48 126 228 330
52 114 226 290
48 114 262 338
50 114 230 322
52 110 224 330
48 122 244 282
46 134 236 314
48 114 268 330
48 130 238 306
52 110 238 290
48 118 238 314
52 106 246 298
52 94 242 314
60 98 224 274
62 86 234 274
54 114 236 250
64 94 228 250
66 78 256 282
64 94 252 242
94 70 230 322
82 74 208 322
42 186 242 266
44 202 256 234
44 198 262 226
40 178 230 322
44 178 222 282
42 198 216 306
42 202 228 274
44 182 212 298
42 198 234 266
46 190 230 250
44 214 248 234
42 194 218 314
44 166 216 314
42 182 218 322
92 70 234 346
86 86 190 290
54 146 186 306
60 138 166 314
50 142 218 290
44 162 224 322
46 150 210 306
54 142 190 290
50 138 222 274
52 170 198 266
56 166 182 298
52 150 186 290
58 122 200 290
48 154 208 298
56 118 218 290
50 138 214 298
50 130 234 274
56 110 244 258
48 138 224 298
46 174 224 274
48 158 212 274
46 170 230 266
42 162 248 314
42 154 232 330
40 190 232 306
40 174 262 330
40 186 224 330
44 154 236 314
40 186 238 298
52 146 190 282
42 158 246 322
40 186 246 282
48 182 238 234
48 126 226 362
50 134 212 346
46 142 220 338
50 118 224 338
50 150 188 346
50 126 222 314
58 134 156 346
58 126 162 378
58 114 190 314
52 138 180 322
56 142 178 314
58 134 178 306
66 122 156 370
68 126 144 330
70 114 154 346
62 118 166 322
64 114 174 322
56 178 166 354
50 162 178 354
54 154 178 346
60 130 172 346
50 182 190 330
48 146 218 282
48 138 214 306
80 90 190 314
80 82 198 338
86 70 242 370
78 82 200 362
50 122 274 250
52 118 238 282
50 110 258 290
58 94 264 266
70 78 260 258
90 86 186 298
86 78 200 306
86 82 214 258
88 66 242 290
98 78 214 266
80 90 200 266
88 78 208 298
72 98 318 170
56 146 188 242
52 134 248 234
52 126 286 218
56 126 222 210
50 118 296 242
52 110 282 234
52 142 284 202
50 138 256 242
52 126 196 354
60 102 218 274
58 98 242 258
58 90 246 282
56 98 248 274
62 106 194 322
62 122 182 282
56 126 190 330
62 90 232 274
60 94 230 266
62 86 228 290
60 90 240 266
62 102 216 250
66 98 204 258
66 94 242 234
68 86 236 266
64 86 228 274
64 94 194 306
66 106 184 298
70 94 198 298
74 86 192 322
78 98 168 290
76 86 192 306
70 78 220 282
76 74 238 266
80 86 218 258
76 74 210 282
68 122 192 226
64 130 164 250
54 130 208 274
54 158 206 234
60 114 224 234
66 122 246 178
58 114 240 210
62 126 214 210
64 110 198 218
64 138 226 186
54 126 234 242
58 110 254 194
60 94 258 202
68 98 184 274
72 90 226 234
64 86 244 250
68 82 234 282
60 86 286 250
66 82 240 282
54 98 312 242
94 70 276 226
82 78 220 258
92 70 260 258
96 74 232 266
58 110 228 258
86 86 276 186
86 94 288 162
84 98 294 154
82 94 282 170
48 210 272 194
48 226 258 202
48 202 280 194
48 190 234 234
50 198 282 186
58 174 226 186
48 170 300 218
50 162 254 218
82 90 172 314
80 114 138 330
92 102 156 282
74 106 152 306
76 106 154 290
78 138 130 282
76 114 140 346
88 122 134 298
80 134 132 298
82 94 156 306
88 186 298 114
74 134 272 138
90 142 238 138
82 166 280 122
76 166 258 130
92 110 258 146
104 130 252 138
80 186 252 130
92 78 208 290
94 78 204 290
98 70 238 274
100 74 222 266
96 74 200 314
100 90 180 306
94 106 176 242
100 110 158 274
92 86 198 258
84 162 154 202
102 130 132 274
102 158 114 274
96 154 134 234
94 162 134 226
78 142 182 202
102 122 162 234
102 130 160 226
84 118 210 194
82 106 212 210
80 86 234 226
98 98 196 234
88 102 162 298
92 94 186 266
106 94 192 250
100 118 148 266
94 202 214 130
88 162 178 170
92 178 216 130
100 194 168 162
96 174 150 202
76 210 232 138
76 206 230 146
76 166 188 178
68 126 268 162
68 134 230 170
86 142 246 130
78 206 246 130
90 166 216 138
96 154 252 122
86 162 238 130
84 162 246 122
98 142 210 162
100 130 260 130
100 170 212 122
88 174 232 122
86 170 202 154
102 190 194 122
84 158 234 138
78 178 254 130
82 190 194 162
90 194 166 170
90 166 190 162
108 186 186 146
114 166 170 178
98 222 178 146
100 214 192 138
108 214 164 162
110 202 166 154
92 206 190 146
110 206 168 146
116 186 152 178
98 198 196 130
100 194 202 130
110 182 164 170
110 186 192 138
98 182 212 122
106 146 180 178
82 186 218 138
74 182 244 138
82 194 248 130
102 154 146 210
102 174 142 210
114 166 138 218
116 202 132 210
108 190 150 178
114 198 146 186
106 186 148 186
96 130 234 146
84 178 216 146
92 158 258 122
96 130 258 138
88 150 278 122
80 162 256 130
80 138 268 130
