82 142 190 170
82 150 184 178
86 150 186 170
76 130 198 194
78 130 200 178
90 146 180 186
78 126 214 170
78 146 202 162
80 138 216 162
90 126 178 202
82 122 220 170
80 158 200 162
78 126 198 194
82 142 162 210
80 130 176 210
78 138 194 186
78 154 196 170
76 134 218 178
82 138 196 178
82 134 210 170
82 154 198 162
84 166 196 162
92 162 184 154
94 130 186 178
86 110 216 194
72 146 224 162
74 142 194 186
76 150 196 178
80 134 222 162
78 130 238 154
72 114 222 194
74 114 224 178
76 126 226 170
86 114 188 210
78 110 230 178
76 138 200 186
86 134 178 194
88 146 162 202
92 130 190 186
80 154 186 178
84 150 176 178
74 130 226 162
76 122 240 162
80 134 192 194
78 106 244 170
72 142 206 178
76 142 228 154
86 130 190 194
78 126 232 162
76 162 212 154
86 130 222 162
90 106 208 202
94 98 236 178
74 114 208 202
74 130 210 186
78 106 228 194
74 150 166 218
66 142 230 170
70 126 210 194
68 130 212 194
86 150 158 210
78 130 172 218
84 154 156 210
86 142 148 234
78 146 174 202
80 162 148 210
88 122 186 210
80 110 206 210
92 170 178 162
74 122 218 186
84 158 170 186
74 138 220 170
78 122 220 178
88 158 172 178
78 138 222 162
82 114 240 170
90 142 174 194
80 170 208 154
88 186 186 162
88 150 194 162
100 166 174 170
88 146 208 154
100 170 176 162
88 166 196 146
90 158 210 146
100 146 172 186
102 134 222 154
92 142 214 154
90 178 194 146
94 138 180 186
88 118 194 202
90 118 196 186
102 134 176 194
98 130 172 202
98 122 228 154
90 134 198 170
92 126 212 170
94 110 216 178
84 114 198 210
94 114 220 170
86 102 218 194
82 98 226 202
90 106 228 170
94 98 210 218
80 150 180 186
72 158 222 162
70 122 202 202
68 130 248 162
80 138 228 146
76 142 214 162
70 142 250 154
70 162 234 154
72 134 220 178
72 150 194 194
90 158 200 154
92 178 182 154
74 150 234 154
86 94 214 218
76 118 246 162
74 114 262 154
74 134 250 146
76 146 248 146
88 102 176 258
82 122 188 202
88 118 200 194
80 138 186 186
90 114 174 234
72 110 250 170
74 94 254 178
72 122 224 186
72 130 234 170
82 118 232 170
84 110 214 202
88 106 198 226
86 94 218 210
90 86 246 186
92 158 206 146
86 142 166 202
84 130 212 170
90 134 164 218
84 150 174 194
100 122 180 210
76 158 198 170
74 158 190 186
98 138 152 218
80 154 188 170
92 134 164 210
74 182 216 154
90 150 146 218
82 146 164 202
72 126 252 154
74 110 256 162
72 146 236 154
82 114 246 162
82 134 234 154
74 158 238 146
86 166 194 162
74 110 186 242
68 122 210 202
64 98 208 250
70 90 230 226
74 94 238 202
70 86 284 202
74 110 300 154
74 90 292 178
66 130 180 226
72 106 174 266
78 110 196 218
74 126 182 218
74 118 172 242
68 114 212 210
72 110 196 234
72 110 216 202
70 98 216 218
70 158 194 186
66 126 214 186
68 122 242 170
60 106 246 202
62 154 224 178
62 126 254 170
64 138 256 162
66 122 260 170
66 110 234 194
68 122 214 194
84 170 144 210
92 162 156 194
74 142 166 226
74 150 156 234
82 130 158 242
84 150 148 218
82 138 162 218
80 154 140 234
84 162 134 234
86 146 146 234
82 150 144 234
70 170 162 218
76 166 160 202
78 158 182 186
78 178 158 202
88 130 148 258
100 178 170 170
106 158 154 202
88 174 190 154
90 186 188 154
80 146 222 154
92 186 176 162
74 102 248 186
80 146 180 194
80 162 182 178
70 110 218 210
72 106 226 210
82 110 182 242
48 158 222 266
66 90 244 234
68 126 234 178
72 98 272 178
82 82 230 234
70 102 278 170
84 146 224 146
78 102 250 178
92 146 176 186
84 146 182 186
96 142 160 210
96 186 178 154
84 190 198 154
86 202 196 154
76 158 224 154
84 134 218 162
82 166 218 146
90 154 216 146
86 166 204 154
86 170 190 162
104 178 178 154
108 174 166 178
98 166 156 186
84 150 220 146
88 126 238 154
102 146 168 194
86 162 222 138
86 182 206 138
108 194 174 154
96 150 216 146
102 150 184 170
104 118 230 162
88 150 232 138
100 182 176 154
64 102 224 234
72 94 266 186
90 126 190 194
92 122 218 170
92 106 184 234
98 130 184 194
98 122 186 202
94 118 182 210
94 110 238 162
88 114 222 178
90 98 226 186
88 126 196 194
92 126 166 218
98 110 202 202
94 126 240 146
96 118 254 146
100 126 204 178
98 118 218 170
90 102 230 178
90 118 232 162
86 110 212 202
82 90 228 202
82 106 230 186
90 110 220 186
84 146 264 130
78 122 298 138
84 94 236 194
86 94 238 178
94 106 214 194
86 110 240 162
88 102 254 162
92 114 206 194
88 122 238 162
66 190 238 154
72 154 234 154
76 158 186 186
68 166 238 154
76 134 204 186
76 154 192 178
88 134 168 218
68 142 246 162
70 154 248 154
66 154 184 210
66 134 196 210
70 138 218 178
72 114 232 186
70 102 232 202
64 162 256 154
74 154 210 170
78 158 232 146
76 122 252 146
72 126 238 162
66 126 274 154
68 110 278 162
86 150 238 138
74 142 252 138
88 122 216 178
90 150 218 138
78 154 238 138
92 170 200 138
74 138 240 154
68 158 260 146
64 170 206 194
90 198 186 154
70 106 248 186
86 142 224 154
70 134 258 154
82 186 196 162
72 170 200 178
80 174 172 186
84 162 164 186
98 186 170 170
88 202 184 162
90 94 200 242
100 118 244 154
70 154 200 186
86 130 236 154
70 118 274 146
72 130 272 146
78 142 246 146
84 146 240 138
72 150 260 138
84 110 176 250
86 122 174 226
80 118 222 178
80 118 214 194
84 114 178 226
86 114 234 170
90 110 190 218
76 122 210 186
94 126 162 226
88 122 174 218
80 118 216 186
90 94 204 234
94 86 232 210
78 134 174 210
78 102 256 170
70 94 258 194
72 102 254 186
96 90 222 210
84 142 188 178
88 162 218 138
82 146 178 194
94 126 154 234
70 166 236 146
78 118 220 194
84 110 242 170
90 154 148 210
72 142 222 170
82 154 176 186
74 150 192 186
82 142 178 202
94 134 160 218
76 138 212 170
96 106 222 186
84 138 160 218
86 146 154 218
92 102 190 242
104 102 198 226
90 130 152 234
78 146 154 234
78 150 176 194
74 142 160 234
84 122 176 226
78 118 258 154
70 142 262 146
92 102 260 154
104 110 186 226
100 114 234 162
78 82 240 226
82 102 196 242
82 86 248 202
84 98 242 186
74 78 252 234
78 82 260 210
72 86 250 226
80 98 276 170
52 146 208 250
56 134 202 266
70 98 196 250
76 114 164 266
72 94 246 202
62 110 218 226
70 86 224 274
54 118 230 274
66 90 218 266
66 90 234 242
76 86 212 274
76 122 236 170
76 122 194 210
76 138 196 194
56 90 262 274
62 82 284 250
66 86 288 202
68 98 294 178
70 110 304 154
70 114 312 146
70 90 296 178
86 82 288 186
74 102 206 226
74 94 222 226
78 106 220 202
72 102 204 242
70 174 210 170
74 186 190 178
62 154 182 234
76 158 152 226
64 146 190 218
80 98 184 266
82 94 192 266
74 130 140 306
62 122 192 258
74 94 206 250
80 102 226 202
78 90 226 218
80 138 180 202
72 126 172 226
74 126 164 234
74 98 202 242
72 130 152 266
62 114 224 210
74 106 218 210
66 98 220 234
82 122 206 194
76 94 198 266
70 150 212 170
68 178 198 186
60 166 208 194
62 138 208 194
54 158 228 210
64 134 236 178
56 138 206 242
56 118 240 210
70 134 210 186
66 134 248 162
62 130 204 218
62 110 238 186
76 98 252 186
76 138 204 178
64 142 224 178
64 122 212 210
60 102 244 210
74 90 258 210
64 106 266 170
68 90 248 226
56 138 254 194
58 158 214 210
58 138 248 178
56 178 236 178
60 150 250 170
58 158 262 162
68 186 232 154
66 150 252 154
60 122 280 162
62 106 284 170
60 142 264 162
58 182 252 162
68 162 254 146
68 182 238 146
64 106 260 186
66 90 264 194
82 82 256 202
56 158 238 194
62 110 222 218
62 182 284 138
62 202 268 138
72 182 196 178
72 158 154 218
50 154 242 226
88 194 148 194
84 190 190 162
84 194 146 202
86 202 188 162
88 170 130 234
80 174 156 202
82 186 154 202
88 158 144 218
100 170 148 202
90 182 142 194
88 186 124 234
84 150 122 306
66 194 164 226
72 190 162 210
66 158 164 242
60 182 178 226
72 162 152 226
84 166 144 218
60 174 168 266
80 138 158 226
74 146 192 194
84 126 150 258
92 178 142 210
92 154 124 258
88 114 136 314
92 158 118 274
82 170 134 218
82 134 170 218
82 134 142 258
80 122 156 258
80 150 160 202
76 142 150 242
76 154 134 250
80 150 132 242
78 138 146 242
78 142 166 218
78 142 138 258
76 130 152 258
82 174 114 258
94 146 122 282
86 142 138 242
82 146 136 242
84 130 152 242
80 134 150 242
92 130 134 282
82 150 124 282
92 142 142 234
84 154 136 234
70 162 164 218
68 190 166 218
68 186 172 210
74 186 164 202
74 162 194 178
74 182 170 194
88 182 140 210
84 98 190 258
78 118 158 266
98 174 150 194
86 190 200 146
104 186 172 162
100 190 170 162
76 130 246 154
74 150 246 146
84 170 158 194
96 194 172 162
66 142 190 218
50 162 214 250
52 178 228 218
52 174 234 210
68 94 236 218
80 94 200 250
60 134 188 258
70 114 174 258
70 78 264 250
66 86 242 242
50 118 244 266
50 110 234 306
62 90 236 266
44 182 224 274
46 198 238 242
48 158 210 290
56 126 208 258
48 142 226 290
46 178 226 266
78 86 206 274
68 106 264 178
68 106 290 162
62 94 218 258
74 94 182 290
76 82 232 258
60 114 228 202
68 86 240 234
80 82 252 210
80 118 144 282
80 130 248 146
78 150 248 138
94 158 214 138
82 162 234 138
94 162 144 210
106 134 152 226
100 130 164 218
98 118 166 234
92 114 156 266
96 98 188 250
74 126 270 146
96 178 196 138
88 170 160 186
82 206 208 146
80 206 220 146
72 142 248 154
90 158 222 130
86 162 208 146
80 182 228 138
100 166 206 138
88 194 170 178
100 178 194 138
102 198 176 138
102 178 200 130
112 186 170 162
118 166 154 194
100 182 190 146
76 166 234 146
106 174 148 194
100 166 150 202
94 170 168 178
86 162 206 154
82 146 246 138
82 166 230 138
84 134 256 138
92 134 240 146
108 190 168 162
80 162 210 154
84 178 232 130
100 154 212 146
90 118 254 154
100 146 218 146
88 110 238 170
88 126 198 186
84 170 228 138
108 186 166 170
114 170 152 194
114 178 192 146
96 186 188 146
82 86 246 210
60 98 234 258
64 118 214 202
72 98 262 186
68 106 256 186
68 118 286 154
82 114 206 202
92 126 224 154
102 134 208 162
86 122 246 154
102 146 196 162
88 114 176 226
94 98 212 210
96 114 174 226
88 130 210 170
94 126 174 202
92 106 196 218
108 154 206 154
80 154 262 130
90 78 234 234
88 98 256 170
96 98 204 218
96 122 206 178
88 114 258 154
82 74 238 234
82 90 274 186
96 98 252 170
82 98 222 210
86 90 204 242
86 90 214 226
86 98 230 194
80 98 228 210
88 110 204 202
78 102 200 242
80 102 202 226
86 114 200 202
80 130 288 130
90 154 268 122
78 150 288 122
94 118 302 130
94 158 254 122
86 158 276 122
74 126 310 130
88 154 276 122
98 126 136 290
88 82 258 186
88 98 260 162
80 98 248 186
88 82 226 226
86 102 232 186
90 94 224 202
84 90 264 170
82 102 216 202
84 102 238 186
92 114 214 178
84 106 266 154
84 126 250 154
96 70 212 298
104 82 196 282
100 78 230 234
52 206 222 218
54 222 236 186
68 102 222 218
80 102 186 250
84 86 204 266
76 150 204 170
74 154 230 154
70 150 260 146
72 162 208 170
80 150 152 226
72 138 216 178
76 154 190 186
80 178 166 194
66 138 272 154
74 170 178 194
66 162 178 218
72 142 182 210
74 162 188 186
62 178 186 218
62 158 174 242
68 138 256 154
70 110 254 178
76 178 256 130
88 110 278 138
68 158 246 154
62 158 282 146
62 178 266 146
82 146 214 154
78 150 224 154
72 162 256 138
90 190 204 138
82 134 262 138
80 114 290 146
82 118 282 138
70 126 276 138
86 134 242 138
74 138 262 138
88 154 224 138
70 122 264 154
72 106 268 162
64 142 284 146
86 118 268 146
84 154 242 130
72 158 262 130
90 102 244 170
100 122 256 138
98 182 210 130
84 154 182 170
88 170 220 130
78 174 222 146
84 194 214 146
78 194 176 186
90 190 178 162
68 150 268 146
70 182 186 194
60 170 190 218
72 162 218 162
64 150 214 186
72 154 186 194
92 146 152 218
104 166 178 162
88 102 200 226
90 102 192 234
86 102 166 274
88 114 150 282
96 114 162 250
66 166 194 194
68 142 190 210
68 138 278 146
80 130 264 138
68 134 284 138
84 142 156 234
88 98 172 282
94 98 154 298
94 90 194 266
90 114 160 266
96 114 150 274
88 114 164 250
84 110 264 154
80 98 252 178
86 106 208 210
84 94 208 226
86 142 158 218
80 90 224 218
88 118 256 154
78 134 196 194
76 102 240 186
94 106 192 226
88 102 204 218
92 94 232 194
86 118 162 242
80 126 170 226
88 90 200 250
68 122 166 258
74 146 168 218
74 118 198 210
80 110 186 234
88 90 270 162
76 106 252 178
90 86 240 210
94 70 246 242
92 90 196 250
96 82 224 226
82 122 178 218
80 126 212 178
80 146 200 170
92 126 176 210
76 134 166 226
90 134 154 226
92 146 138 234
90 130 166 226
62 170 208 186
62 150 232 162
64 174 224 170
74 174 232 146
70 158 244 154
74 162 206 162
68 154 226 170
66 170 248 138
68 162 262 138
68 182 246 138
80 114 254 162
84 126 266 138
86 118 280 138
70 142 184 210
80 154 158 202
98 142 144 226
86 138 152 226
86 110 170 250
78 94 200 258
84 86 222 234
90 162 142 218
98 150 118 274
90 154 138 226
88 150 136 234
98 182 154 186
100 174 150 186
92 106 182 242
98 146 172 194
98 90 162 322
98 86 184 290
92 82 190 298
100 90 190 266
100 118 146 274
78 158 188 178
78 142 186 194
76 118 242 170
102 110 198 210
86 138 168 202
84 146 154 226
88 150 166 186
82 166 170 186
88 98 198 242
92 114 142 282
102 114 164 234
80 110 148 298
86 118 152 266
92 106 164 258
82 126 148 266
86 130 142 266
68 138 146 282
74 150 154 242
62 138 162 298
62 142 170 258
80 106 200 226
96 110 256 154
72 106 208 218
74 82 228 266
78 78 234 274
88 78 244 226
78 90 206 250
92 82 252 202
76 82 244 218
80 86 252 194
78 66 272 250
74 74 250 242
76 82 268 210
74 74 246 282
64 82 258 282
86 78 252 218
82 70 280 226
78 78 258 218
70 82 240 250
84 110 278 146
78 98 284 170
78 86 202 282
80 106 168 274
84 106 172 266
68 98 228 226
68 102 174 290
68 110 160 346
72 102 164 290
74 98 172 290
48 170 210 258
48 162 200 298
56 126 216 242
68 138 196 202
52 142 226 258
52 126 222 274
50 166 212 250
52 146 196 274
58 154 192 226
46 158 214 290
54 130 216 258
50 162 218 242
60 126 192 226
58 130 190 274
52 118 212 314
52 130 200 290
70 82 206 282
64 102 226 218
60 126 178 266
58 138 210 218
70 114 236 186
66 106 208 234
74 98 182 274
74 78 210 306
68 126 154 282
64 98 238 218
68 114 178 234
72 98 236 210
60 118 218 242
74 82 216 274
72 82 234 250
52 122 234 274
58 90 236 322
58 114 204 274
52 138 248 226
64 98 236 234
56 102 250 250
60 90 216 290
58 102 220 282
62 110 204 258
70 90 204 290
58 102 210 290
64 94 214 274
56 98 222 290
60 98 212 282
64 86 226 290
74 86 214 266
58 118 222 250
54 114 200 394
56 114 196 338
58 110 210 266
58 106 208 274
76 94 168 322
76 86 180 370
72 94 172 314
80 90 158 346
66 110 168 290
68 110 170 274
62 130 174 274
54 86 284 282
54 82 330 266
50 106 288 274
52 94 300 258
46 122 240 370
52 86 290 298
58 82 272 290
70 70 254 298
58 82 288 266
62 78 278 298
60 78 284 298
64 98 298 178
58 90 288 234
58 86 334 218
56 98 304 210
68 90 304 178
62 94 306 186
62 86 276 242
62 86 292 218
72 82 288 218
84 82 296 186
74 78 302 218
58 126 274 186
68 98 288 186
66 82 318 234
62 98 316 178
60 86 270 266
64 98 280 194
64 106 312 162
62 90 248 258
76 74 276 226
70 74 280 258
64 94 292 194
84 74 288 210
80 82 294 194
72 82 330 202
66 114 316 146
70 122 314 138
82 114 320 138
62 122 316 154
74 98 298 170
78 86 314 186
76 86 296 194
72 102 306 162
84 86 302 170
88 78 296 186
82 78 310 202
88 86 308 162
44 158 228 306
84 78 180 346
92 90 164 330
80 94 152 338
88 90 138 370
92 82 180 330
80 126 126 378
82 110 144 314
80 126 134 298
84 114 144 306
90 122 142 282
76 90 194 274
88 106 142 322
72 110 158 298
82 94 216 226
82 86 232 226
78 102 192 250
70 110 184 250
86 142 122 322
98 138 122 306
72 94 228 226
70 114 240 178
66 118 226 194
70 118 260 162
54 138 288 186
50 206 252 202
70 146 196 194
54 150 242 210
58 94 286 210
54 114 246 226
50 142 256 218
52 126 288 202
54 110 292 210
56 102 276 210
68 194 214 170
60 182 224 178
68 190 220 162
78 182 160 194
70 186 184 194
72 202 200 170
54 146 206 258
54 126 240 226
52 198 202 234
54 170 202 234
52 178 190 258
54 150 190 258
60 146 204 210
52 170 212 226
54 130 224 226
52 142 214 266
58 134 226 202
54 134 210 266
74 150 180 194
66 138 234 178
64 178 222 178
58 110 244 226
56 98 254 242
68 130 180 218
58 158 222 202
60 134 204 218
58 106 256 194
58 98 260 218
56 146 244 194
68 138 220 178
58 114 234 234
60 106 270 186
54 122 230 266
56 130 278 186
64 166 186 202
66 166 166 234
68 138 166 234
72 158 136 250
70 150 142 266
66 170 146 274
70 138 158 242
68 142 146 274
72 146 158 234
74 154 152 234
70 174 138 306
74 154 140 250
58 126 218 218
58 134 186 266
62 110 214 242
60 138 188 250
68 106 174 282
84 86 168 330
70 126 136 370
80 106 146 314
68 110 166 314
70 126 144 290
68 118 150 306
76 114 152 282
74 114 160 274
74 118 140 314
72 122 148 290
80 118 182 226
82 118 174 234
82 90 212 242
88 86 230 218
76 90 230 210
74 82 236 234
60 134 206 202
80 130 162 242
82 130 154 250
72 106 202 226
66 118 162 266
78 134 160 234
70 122 172 234
74 106 194 234
70 110 166 266
72 114 166 258
70 122 160 250
70 106 228 202
58 130 194 266
62 130 184 258
62 114 194 234
70 122 200 210
74 158 208 170
70 158 246 146
68 170 216 170
66 134 236 170
64 146 216 186
68 166 222 162
68 170 190 194
72 166 180 194
58 186 212 194
60 158 212 194
64 174 204 194
56 162 220 194
58 182 218 186
58 142 198 226
58 122 232 194
60 154 218 186
50 190 208 250
50 182 230 218
52 142 242 218
68 130 264 154
54 154 226 218
52 178 232 210
54 142 238 218
56 134 204 250
56 114 238 218
62 130 226 202
60 118 260 178
54 134 240 218
54 138 244 210
54 134 212 258
70 142 244 162
66 118 234 186
62 118 272 162
58 142 246 178
70 118 202 210
56 154 216 218
76 146 208 170
68 134 200 194
60 130 242 186
66 110 224 210
60 98 252 210
60 110 250 194
64 122 224 194
64 102 248 202
72 122 228 178
60 126 248 178
70 94 240 210
76 90 258 194
64 130 204 202
64 114 180 250
60 106 236 210
72 106 200 242
58 102 256 218
60 94 254 242
62 94 254 226
62 102 256 194
74 82 264 218
68 114 262 170
64 102 280 186
62 106 278 178
68 114 302 154
66 118 252 178
54 146 276 186
60 138 274 162
52 150 248 202
54 126 244 218
54 154 264 186
70 130 228 178
72 86 260 202
52 106 260 242
56 106 250 234
52 134 230 250
60 122 198 250
72 190 234 146
60 178 284 146
54 170 256 170
56 154 248 186
52 182 226 210
64 162 210 186
56 158 252 178
54 198 240 178
56 138 260 186
56 134 274 170
58 118 278 178
56 154 258 170
48 182 244 218
54 194 246 170
58 166 260 162
50 162 270 202
56 146 252 186
62 182 260 146
56 154 288 154
56 174 272 154
72 174 214 162
58 142 284 162
56 202 256 162
80 186 222 138
58 122 292 170
60 106 296 178
64 146 278 146
64 166 262 146
64 130 316 146
56 114 302 194
58 106 288 186
58 138 290 154
62 102 298 186
66 102 272 186
62 134 312 154
60 154 318 146
70 98 266 186
62 90 268 210
66 86 268 234
66 86 278 210
64 90 276 202
66 94 246 226
68 82 298 218
64 86 264 242
70 86 254 226
70 90 250 218
74 86 238 218
76 82 224 266
82 78 274 210
74 82 278 210
50 214 248 202
50 210 254 194
44 198 216 290
46 154 208 322
54 178 242 194
64 110 262 178
52 194 284 178
48 186 268 202
52 170 284 186
52 190 294 170
52 186 292 178
46 158 266 242
46 186 240 242
48 178 276 202
50 190 244 210
44 174 244 274
50 174 278 194
52 162 268 194
58 178 316 146
74 198 326 114
66 190 320 122
74 206 252 130
60 202 288 138
60 222 272 138
68 186 316 122
68 206 300 122
60 198 294 130
52 234 246 194
46 130 254 290
80 134 172 210
54 190 168 330
56 162 168 330
50 126 224 298
54 106 246 266
64 114 282 162
56 218 238 170
68 182 156 226
76 166 150 218
74 166 148 234
72 150 172 202
68 162 144 250
68 162 184 202
68 142 178 218
62 166 168 226
64 138 168 226
84 158 124 266
66 138 156 274
66 118 190 242
68 198 140 306
52 170 266 194
44 150 218 346
50 150 192 306
44 154 226 330
42 158 212 330
46 146 224 298
44 162 226 306
44 146 230 346
56 90 256 306
52 98 262 306
74 74 238 290
62 86 272 258
42 186 230 282
50 158 202 266
46 170 266 234
44 162 236 290
42 166 222 290
44 182 236 258
44 178 242 250
44 154 252 274
46 166 272 234
44 154 240 306
44 190 274 226
46 178 244 234
42 182 268 282
52 186 202 250
46 158 232 258
48 174 246 226
48 150 234 274
48 154 230 258
50 166 262 210
48 158 246 250
46 198 268 218
48 126 266 258
88 202 142 202
98 206 172 154
90 194 164 178
82 214 150 202
84 198 160 186
84 194 142 210
98 222 132 210
80 198 158 194
82 206 200 154
96 190 112 250
86 178 130 218
96 162 120 258
86 182 110 258
76 170 148 226
92 190 136 210
84 130 140 274
96 166 114 274
98 190 134 202
102 202 156 170
98 194 160 178
86 206 144 202
86 170 152 202
94 186 136 210
88 178 176 170
86 186 154 186
98 206 148 186
88 198 152 186
100 210 126 210
86 174 130 226
84 178 128 234
84 182 108 274
96 154 116 298
92 162 108 338
80 146 118 370
88 110 130 362
92 154 112 322
90 142 120 298
82 170 108 306
56 206 180 234
56 198 170 274
64 210 156 258
66 186 166 226
64 210 174 218
70 174 158 226
78 194 136 226
78 198 116 266
70 210 166 210
70 206 172 202
66 154 156 250
62 146 182 242
60 182 166 250
58 202 182 226
66 198 176 218
68 174 182 210
58 198 188 218
76 150 152 234
74 150 148 250
70 158 186 202
70 170 152 234
84 162 136 226
82 150 150 226
90 198 140 194
80 186 132 226
70 154 130 370
60 194 158 314
80 134 144 250
78 122 158 250
72 178 120 306
76 158 142 242
82 130 126 314
76 162 122 282
74 138 132 346
76 134 144 266
74 122 158 266
82 114 142 314
76 110 144 322
80 126 142 290
68 134 148 290
86 114 138 306
78 158 144 226
82 142 134 266
80 126 152 258
78 134 146 250
70 154 170 218
80 130 136 290
62 162 186 226
84 162 124 242
88 138 124 298
84 130 120 330
104 202 122 234
96 166 128 234
88 126 126 314
88 150 116 306
90 150 124 274
90 166 104 282
96 154 108 314
80 158 124 290
92 122 132 314
94 122 124 330
86 154 114 314
92 146 124 290
80 154 122 346
84 118 136 306
102 150 112 298
94 146 128 258
86 146 128 274
78 174 146 210
74 150 164 226
80 166 168 194
72 178 148 226
90 178 126 226
78 122 180 226
90 118 158 250
78 122 152 266
78 134 136 274
76 122 150 274
90 138 132 274
70 102 180 274
78 106 164 282
80 158 154 210
84 158 156 202
76 138 170 210
76 154 172 194
76 150 154 218
88 134 148 234
78 150 142 242
70 134 148 266
68 118 170 258
72 134 162 242
80 146 126 290
94 134 130 274
92 122 144 274
60 174 170 250
72 154 144 250
70 142 142 274
72 126 154 266
78 130 138 290
72 142 144 258
76 138 142 250
68 126 156 250
88 162 118 274
66 142 152 282
70 154 156 242
66 162 148 258
70 158 146 250
72 158 146 242
76 154 144 234
78 162 132 250
80 162 130 250
70 150 140 282
76 150 126 258
74 138 140 258
78 170 118 242
88 158 122 266
82 134 134 290
86 126 154 250
64 154 154 274
68 150 152 266
74 142 132 274
72 130 146 274
74 130 148 266
76 162 124 258
74 146 150 250
82 126 140 282
66 110 176 274
70 118 160 282
72 182 128 266
82 158 128 250
76 182 120 298
84 158 116 306
84 162 120 274
80 166 122 242
74 138 154 250
92 138 134 242
84 150 128 242
84 126 160 242
84 154 118 290
82 146 150 234
84 122 148 266
78 150 148 234
76 98 168 298
90 126 148 242
82 138 142 242
82 114 174 242
74 110 176 258
84 110 172 258
82 110 162 266
90 142 114 306
86 158 120 282
82 146 118 330
76 138 132 306
84 138 134 266
62 130 168 298
88 122 170 226
88 162 132 234
80 134 164 226
68 182 168 218
68 178 174 210
66 206 176 210
72 202 174 194
72 178 204 170
84 186 152 202
68 98 192 266
92 190 174 170
102 206 170 146
108 198 162 170
114 178 146 202
70 134 270 146
88 178 154 194
80 170 178 186
82 154 148 226
50 146 204 266
48 182 218 250
44 174 220 290
48 178 224 242
52 182 268 186
50 194 238 210
58 130 200 242
48 166 232 242
50 138 194 306
60 118 180 306
66 82 250 242
64 102 214 242
78 82 214 274
54 134 198 282
60 126 190 258
70 86 264 218
70 74 278 266
64 82 272 274
58 114 224 242
50 106 232 314
44 170 212 322
48 130 214 338
48 150 202 314
48 138 212 314
54 130 198 322
56 122 206 266
62 98 236 250
64 118 160 306
64 98 194 274
76 98 158 306
70 98 178 282
70 86 228 266
52 134 228 266
50 118 284 250
44 130 250 306
52 122 236 250
50 122 240 282
50 114 242 274
46 142 246 274
48 134 238 290
52 102 252 274
48 134 254 258
48 126 234 314
48 126 228 330
52 114 226 290
48 114 262 338
50 114 230 322
48 122 244 282
46 134 236 314
48 114 268 330
48 130 238 306
52 110 238 290
48 118 238 314
52 106 246 298
52 94 242 314
60 98 224 274
62 86 234 274
54 114 236 250
64 94 228 250
66 78 256 282
64 94 252 242
82 74 208 322
42 186 242 266
44 202 256 234
44 198 262 226
40 178 230 322
44 178 222 282
42 198 216 306
42 202 228 274
44 182 212 298
42 198 234 266
44 214 248 234
42 194 218 314
42 182 218 322
46 150 210 306
50 138 222 274
52 150 186 290
50 130 234 274
48 158 212 274
46 170 230 266
42 162 248 314
42 154 232 330
40 190 232 306
40 174 262 330
40 186 224 330
44 154 236 314
40 186 238 298
42 158 246 322
40 186 246 282
48 182 238 234
48 126 226 362
46 142 220 338
50 118 224 338
58 134 156 346
58 114 190 314
68 126 144 330
62 118 166 322
50 162 178 354
48 146 218 282
48 138 214 306
50 122 274 250
52 118 238 282
50 110 258 290
86 78 200 306
80 90 200 266
56 146 188 242
56 126 222 210
52 110 282 234
60 102 218 274
58 98 242 258
58 90 246 282
60 94 230 266
60 90 240 266
62 102 216 250
66 98 204 258
66 94 242 234
64 86 228 274
78 98 168 290
70 78 220 282
76 74 238 266
80 86 218 258
76 74 210 282
64 130 164 250
66 122 246 178
58 114 240 210
62 126 214 210
64 110 198 218
58 110 254 194
60 94 258 202
68 98 184 274
72 90 226 234
64 86 244 250
68 82 234 282
66 82 240 282
94 70 276 226
86 86 276 186
86 94 288 162
84 98 294 154
82 94 282 170
82 90 172 314
92 102 156 282
74 106 152 306
76 106 154 290
76 114 140 346
88 122 134 298
82 94 156 306
74 134 272 138
90 142 238 138
82 166 280 122
76 166 258 130
92 110 258 146
104 130 252 138
80 186 252 130
100 74 222 266
94 106 176 242
92 86 198 258
84 162 154 202
102 130 132 274
102 158 114 274
96 154 134 234
78 142 182 202
102 122 162 234
102 130 160 226
80 86 234 226
98 98 196 234
94 202 214 130
88 162 178 170
92 178 216 130
100 194 168 162
96 174 150 202
76 210 232 138
76 206 230 146
76 166 188 178
68 126 268 162
68 134 230 170
86 142 246 130
78 206 246 130
90 166 216 138
96 154 252 122
86 162 238 130
84 162 246 122
100 130 260 130
100 170 212 122
88 174 232 122
86 170 202 154
102 190 194 122
84 158 234 138
78 178 254 130
82 190 194 162
90 194 166 170
90 166 190 162
108 186 186 146
114 166 170 178
98 222 178 146
100 214 192 138
108 214 164 162
110 202 166 154
92 206 190 146
110 206 168 146
116 186 152 178
98 198 196 130
100 194 202 130
110 182 164 170
110 186 192 138
98 182 212 122
106 146 180 178
82 186 218 138
102 154 146 210
102 174 142 210
116 202 132 210
108 190 150 178
96 130 234 146
84 178 216 146
92 158 258 122
88 150 278 122
80 162 256 130
104 154 236 130
110 134 228 146
90 182 264 114
84 122 278 138
84 114 208 194
100 110 210 186
90 122 222 162
82 186 238 130
80 158 260 130
94 166 234 122
82 170 254 122
112 194 162 154
86 118 150 274
82 78 214 250
68 126 288 146
74 162 306 122
58 94 224 282
64 126 208 210
70 118 252 170
66 130 200 210
60 130 208 210
74 130 204 194
62 134 224 194
86 82 270 194
96 118 266 130
106 126 250 138
96 130 256 138
102 138 214 146
90 102 164 274
106 138 238 138
90 114 184 210
90 106 186 242
88 94 206 226
98 102 162 274
96 94 204 226
104 158 196 146
90 130 186 194
94 126 172 210
94 106 204 202
96 126 298 122
92 154 304 114
88 146 324 114
94 174 312 106
84 158 292 114
96 150 298 114
86 146 284 122
96 150 274 122
100 150 272 122
112 178 246 114
88 178 270 114
98 162 276 114
76 138 286 130
78 170 272 122
110 158 264 114
92 82 212 250
92 66 254 242
88 74 260 226
82 90 276 178
92 86 214 226
92 110 216 186
102 118 242 154
98 98 212 202
92 94 202 234
80 86 248 210
86 74 224 258
88 82 212 266
82 98 308 162
92 114 306 130
92 94 298 154
84 114 318 138
92 86 262 178
84 98 290 162
86 102 276 162
88 90 212 226
84 90 206 234
84 98 214 210
92 98 188 258
88 86 206 242
80 78 234 266
76 86 224 242
90 82 192 290
82 90 190 274
82 102 210 210
88 110 224 178
82 118 212 194
84 110 226 194
76 174 306 114
86 138 292 122
86 126 318 122
74 134 312 122
90 142 278 122
82 142 300 122
100 166 258 114
100 154 284 114
76 170 292 122
88 162 278 114
80 162 300 114
104 130 292 122
84 142 326 114
84 138 300 122
76 162 296 122
78 170 328 114
106 82 206 258
102 82 184 306
88 110 140 298
98 110 162 250
92 82 244 210
90 82 284 178
92 90 260 178
84 78 250 226
90 98 286 154
88 102 266 146
84 94 246 186
98 110 250 154
84 90 204 250
78 90 248 194
84 86 278 186
88 102 224 186
86 90 290 162
92 90 216 218
84 106 252 162
88 118 226 170
98 66 242 282
92 74 198 290
100 70 184 322
100 86 200 250
104 78 196 306
106 94 188 258
54 194 228 202
58 170 204 210
54 190 234 194
52 206 270 178
52 226 254 178
56 202 230 186
46 194 284 218
52 202 276 170
60 170 288 146
58 182 176 250
50 226 226 218
54 214 228 194
52 218 262 178
64 98 232 242
92 98 146 322
90 110 152 282
90 114 132 322
98 86 194 274
98 86 176 306
86 82 200 290
82 74 228 250
88 74 208 298
82 82 214 242
72 134 228 170
88 142 210 162
70 138 254 154
66 134 284 146
88 162 234 130
90 182 216 130
72 150 256 146
62 146 288 146
62 166 272 146
52 186 254 194
78 170 138 226
88 114 218 186
76 182 178 186
46 174 262 226
44 166 250 282
78 150 186 186
68 158 172 218
76 198 240 138
68 162 148 242
72 134 174 218
68 154 176 218
72 182 192 186
60 194 196 210
64 150 198 210
64 166 180 218
68 162 170 218
66 154 266 146
70 102 260 186
64 154 196 210
70 182 280 122
88 106 316 138
92 118 274 138
92 118 314 122
84 122 288 130
52 154 286 186
52 174 270 186
82 166 250 130
60 174 292 138
66 158 284 130
58 202 268 154
70 170 270 130
86 154 210 154
76 150 238 146
92 118 252 154
74 134 248 154
72 154 248 146
68 146 280 138
82 174 246 130
70 178 266 130
78 186 194 170
86 190 224 130
80 110 328 146
76 106 276 154
92 130 272 130
72 138 262 146
68 142 276 146
66 118 262 170
80 138 266 130
68 142 286 130
80 138 206 170
76 114 304 146
100 138 218 154
96 206 228 122
102 186 240 114
94 182 230 122
94 202 254 114
92 178 256 114
94 174 262 114
86 194 238 122
80 158 212 154
88 178 214 138
94 146 226 138
74 174 242 138
56 174 180 250
58 162 226 170
58 146 234 186
70 146 174 210
52 206 250 194
94 198 174 162
86 214 180 170
44 178 234 274
60 178 184 226
56 194 192 226
60 170 178 242
56 170 184 234
48 162 218 266
68 146 242 162
60 134 238 186
76 142 192 186
90 166 136 218
96 150 160 194
80 122 290 138
86 98 200 234
88 90 198 258
96 98 164 290
102 94 138 354
90 78 200 274
96 94 192 250
98 90 192 258
100 78 192 314
62 190 196 202
64 186 198 194
64 154 184 218
64 182 204 186
70 158 318 122
74 154 272 130
104 90 170 306
96 90 164 314
92 98 164 298
100 90 172 306
96 86 186 282
102 86 172 314
94 102 150 298
88 134 128 306
88 106 150 290
96 102 172 258
90 106 166 250
84 102 180 266
104 118 140 290
88 122 156 242
88 94 194 250
82 106 290 146
86 114 286 138
78 110 190 226
76 142 168 210
90 134 140 250
78 86 258 194
88 122 262 138
94 118 168 234
90 122 168 234
86 86 186 290
84 90 176 282
88 94 174 266
98 102 174 242
82 94 222 218
82 126 178 210
68 118 194 218
84 138 176 194
84 86 208 250
80 106 178 258
64 134 160 266
70 110 154 306
64 126 156 290
64 106 190 258
62 126 174 282
74 154 162 226
86 126 202 186
88 86 284 178
92 98 306 146
92 98 272 154
74 86 226 258
72 90 212 250
64 90 254 226
96 70 236 266
98 70 232 266
78 106 202 218
76 130 224 170
84 118 154 258
94 142 150 226
88 154 152 210
88 134 176 202
98 126 144 250
96 146 120 290
90 146 160 210
100 138 128 258
62 178 202 194
62 158 226 170
58 154 218 210
52 162 220 234
52 142 244 210
62 174 188 218
58 194 210 194
60 158 198 210
60 186 218 178
56 170 234 186
66 158 228 162
62 142 240 170
66 146 202 178
60 138 222 186
60 146 258 154
62 130 262 162
60 166 242 154
58 166 200 218
70 178 244 138
72 190 242 138
70 186 208 170
62 194 250 146
64 206 248 146
66 162 256 146
74 170 200 170
72 154 194 186
72 150 196 186
70 166 218 154
72 158 232 154
66 178 242 146
70 178 284 122
64 162 288 138
72 174 280 122
64 166 274 130
66 150 278 138
64 186 258 130
72 170 298 122
66 178 272 130
58 186 286 146
58 206 270 146
88 134 302 122
82 122 292 130
90 126 316 122
114 122 152 250
60 154 200 218
66 130 194 218
66 146 196 202
78 150 192 178
70 162 172 210
76 158 170 194
88 146 148 226
90 146 132 258
100 146 138 218
106 134 134 250
106 130 128 290
94 130 142 250
76 126 144 274
98 122 164 226
82 126 162 234
98 110 154 274
90 110 156 274
92 158 108 346
92 158 114 290
90 154 122 282
94 142 138 234
98 158 112 282
98 146 112 322
108 142 120 290
94 134 136 266
104 146 124 274
94 122 126 306
106 122 134 290
108 142 112 298
98 146 128 250
100 138 124 290
96 142 126 258
92 158 132 218
78 130 132 298
78 138 128 282
80 146 132 266
98 174 172 170
104 182 146 186
106 182 138 202
106 186 160 178
108 182 134 210
96 178 162 178
108 166 140 210
102 174 168 170
102 102 134 370
94 82 176 322
90 90 152 354
102 102 146 306
94 78 186 322
106 86 182 282
92 110 128 330
106 82 180 306
106 82 162 338
90 70 214 282
96 106 134 314
92 118 148 258
102 122 140 266
100 118 132 298
110 118 154 250
90 130 138 282
66 166 222 170
74 158 198 178
82 142 180 194
86 138 166 210
80 146 164 218
86 118 198 202
88 158 160 194
96 158 158 194
88 130 196 186
82 174 164 194
78 170 182 178
92 114 162 258
88 102 152 290
90 134 128 282
82 122 138 290
92 94 172 282
94 110 160 266
80 106 142 346
78 110 150 290
76 106 144 362
80 98 148 306
82 106 162 274
84 102 160 290
84 122 170 242
96 114 160 258
58 166 184 250
50 166 186 306
58 142 152 330
54 146 186 282
52 146 176 306
66 130 152 290
62 126 154 306
62 118 160 338
62 106 188 274
56 130 178 282
62 126 176 266
72 118 146 330
76 118 148 290
72 142 128 322
58 138 164 306
58 146 160 290
70 142 140 290
64 162 148 290
72 150 124 306
64 142 158 274
62 150 152 322
76 130 136 306
58 166 172 266
58 130 196 258
52 154 186 266
56 134 176 338
68 134 140 314
70 114 148 370
76 94 164 330
64 122 192 242
70 94 192 274
62 134 172 258
72 122 142 370
54 162 190 250
54 142 186 290
58 138 182 266
60 154 164 274
60 142 176 266
66 150 162 258
60 138 162 314
60 130 168 346
38 166 330 362
38 174 246 402
38 170 308 346
46 218 192 362
48 202 184 410
44 210 188 426
40 178 210 370
36 206 230 410
36 218 240 378
46 170 196 418
46 214 188 394
44 178 204 378
44 186 198 418
38 170 264 362
40 162 316 338
42 154 294 314
40 166 270 338
40 166 306 314
46 166 200 402
40 174 208 434
42 174 204 418
40 190 200 370
38 178 222 370
34 186 250 386
38 166 264 378
40 166 260 346
36 182 248 410
46 182 190 394
44 146 208 418
42 154 216 378
38 166 242 410
40 186 208 402
38 182 216 410
36 194 248 362
46 146 204 402
44 154 212 362
42 186 204 386
44 150 246 322
44 150 228 330
40 154 218 354
38 174 248 378
38 182 254 354
52 222 174 450
48 238 182 458
44 194 186 474
72 90 248 218
80 74 244 250
68 82 226 290
82 74 226 274
86 70 228 282
74 70 248 250
82 74 262 226
84 86 178 322
86 78 270 202
98 70 292 218
74 70 258 242
78 82 234 242
80 82 230 242
78 74 266 218
84 78 280 202
72 74 250 282
86 70 242 258
80 70 288 226
80 66 262 274
88 62 298 282
78 62 266 298
92 58 298 306
70 66 318 266
90 62 282 290
82 66 244 274
70 74 270 274
76 78 266 218
74 70 244 290
66 74 296 258
64 78 256 290
70 82 268 226
78 74 236 266
74 78 242 242
68 86 260 226
80 82 228 258
78 70 238 282
78 66 258 306
82 66 240 290
96 70 268 226
94 62 282 266
84 62 314 250
72 74 264 258
72 70 272 282
72 82 230 274
68 78 262 258
70 78 236 258
78 102 278 162
88 114 310 130
80 90 180 298
80 78 208 306
82 78 204 306
84 74 200 330
82 106 176 258
80 94 182 274
70 114 164 282
80 86 198 274
86 106 180 250
74 102 172 274
76 98 180 274
76 106 150 330
68 106 154 394
74 94 166 338
52 134 194 298
58 114 166 394
52 126 184 338
62 106 170 338
64 102 178 338
64 102 184 266
70 86 182 298
66 110 162 338
60 122 180 282
70 102 166 282
72 98 174 282
74 114 150 338
70 94 168 354
74 94 174 306
74 90 196 274
82 90 182 290
78 78 182 330
68 94 182 338
74 74 204 354
56 134 196 274
70 130 134 394
46 186 202 290
44 166 216 306
48 190 196 298
46 186 204 282
50 150 216 250
46 174 228 250
46 190 214 258
48 170 198 282
54 178 194 234
52 166 200 258
46 186 220 250
56 150 194 234
48 182 186 338
46 178 194 322
46 182 204 298
48 154 202 298
46 178 210 290
62 118 206 218
68 102 204 250
52 130 232 250
56 110 226 274
62 134 200 218
58 110 224 250
50 158 204 258
50 158 196 282
50 162 190 298
44 174 208 314
44 158 218 322
46 138 228 314
50 142 232 266
46 146 242 290
48 134 240 266
52 154 218 242
50 166 200 274
56 174 196 226
44 178 218 290
48 182 222 242
54 158 174 298
56 138 172 274
54 150 204 226
46 158 202 314
56 170 202 218
44 174 224 282
46 154 216 274
58 130 216 234
60 122 210 234
60 114 220 226
58 142 186 250
58 146 196 226
54 138 198 266
58 134 192 242
62 142 184 242
58 142 202 218
60 114 198 282
50 150 194 298
50 150 186 322
48 174 196 314
48 162 196 322
58 102 194 338
64 82 216 354
56 126 178 346
54 130 172 394
56 146 168 386
60 138 146 394
54 122 190 386
54 146 184 298
54 150 164 338
58 122 176 338
62 158 144 354
54 118 202 338
52 126 218 298
50 130 222 290
50 126 216 322
50 138 196 290
48 134 216 298
54 138 174 330
54 126 220 266
54 114 208 298
60 106 206 258
60 118 182 290
64 86 214 306
68 78 228 290
74 82 192 306
72 106 230 194
60 102 230 234
64 122 170 266
54 138 184 306
62 118 186 266
62 110 186 274
56 158 214 218
58 118 200 258
56 154 220 210
62 106 228 234
66 122 184 226
60 118 190 266
64 106 236 202
56 114 212 258
60 114 202 250
74 102 204 234
58 122 206 242
72 106 182 258
76 94 174 290
72 138 142 290
70 118 148 338
72 130 142 306
58 110 204 298
70 82 196 298
82 70 220 306
76 78 200 330
78 106 148 322
66 158 142 354
82 146 122 322
64 146 146 386
70 154 164 226
62 162 152 314
62 138 166 274
60 130 174 298
74 110 158 282
76 114 154 274
72 118 152 274
78 110 162 274
74 138 134 314
66 166 144 346
64 126 148 298
68 122 148 330
64 114 164 290
64 122 150 346
58 134 168 290
68 114 154 290
58 134 268 186
66 98 246 202
60 110 232 226
68 94 208 234
60 98 242 234
62 90 206 314
72 102 192 258
58 118 192 274
58 98 212 314
70 114 186 218
76 106 188 234
76 102 220 210
72 126 184 202
70 130 166 242
64 126 172 242
62 138 190 234
70 106 188 250
58 102 226 266
72 78 216 322
80 78 198 322
72 74 236 346
68 82 238 266
64 82 220 338
54 94 274 258
58 86 238 298
54 94 244 298
54 90 320 242
50 170 260 210
48 142 258 250
50 142 218 282
68 102 182 266
68 106 200 250
62 110 174 290
66 90 210 274
52 110 218 314
56 126 214 250
52 138 216 274
58 94 234 274
52 106 250 274
46 122 258 306
48 146 262 242
46 134 266 274
50 118 286 226
52 102 290 234
54 138 264 194
48 162 250 234
46 118 244 314
60 98 240 250
58 110 230 242
54 98 242 298
54 102 238 282
54 106 234 290
52 98 240 314
54 98 262 282
52 102 276 250
58 110 200 314
64 90 202 314
56 90 258 298
60 86 236 338
62 90 220 274
54 102 218 322
58 98 220 298
62 86 228 282
68 82 216 306
54 110 218 298
52 106 224 314
52 110 236 298
56 110 210 306
54 94 266 290
56 98 246 274
58 90 262 266
56 106 246 250
62 126 186 250
54 114 206 338
62 106 178 282
60 98 184 298
66 94 188 290
64 102 182 282
64 90 206 282
52 114 216 330
52 102 234 306
60 94 208 290
52 98 264 298
54 110 232 266
52 122 224 298
50 122 234 290
58 110 222 258
68 86 188 298
76 86 204 290
72 90 186 282
88 74 202 314
68 106 162 362
58 110 188 362
56 118 210 282
56 114 208 290
52 122 206 306
62 98 178 362
70 94 164 394
52 106 222 386
52 122 204 402
54 122 200 346
50 126 222 306
52 118 218 306
70 90 178 330
64 94 192 290
72 90 178 322
78 86 178 354
78 90 160 338
56 102 230 282
56 102 232 258
54 122 204 274
54 110 224 282
60 114 182 314
64 106 172 322
70 98 158 322
68 98 174 346
74 106 148 346
72 90 166 362
68 102 168 354
80 86 152 394
76 94 158 338
72 106 150 362
76 114 146 314
68 114 150 378
58 130 172 338
52 142 190 282
64 122 164 282
58 122 162 378
56 122 180 354
52 134 180 322
62 106 164 354
56 118 182 298
60 122 174 330
70 110 178 258
74 94 162 346
62 122 176 274
60 106 180 378
62 130 152 402
56 142 170 346
66 118 158 306
66 114 154 378
60 126 172 322
80 122 138 322
72 122 140 402
78 102 152 370
54 186 320 154
54 194 304 162
56 202 326 146
56 194 330 146
54 154 304 170
54 182 318 162
54 162 288 178
46 150 286 258
46 174 312 218
52 170 304 178
50 174 302 186
52 174 294 178
52 98 294 258
60 78 302 290
56 78 294 298
56 86 260 330
68 66 304 290
68 66 276 306
52 90 316 290
52 94 340 242
50 82 334 282
58 78 318 282
42 142 272 378
44 138 242 330
48 114 310 266
50 102 286 282
46 134 304 266
46 138 312 242
48 106 288 298
48 110 284 282
48 94 304 274
48 126 306 242
46 122 278 282
44 114 284 298
50 90 300 306
44 162 328 258
48 122 230 394
42 150 256 362
44 126 274 394
50 98 258 370
44 130 232 370
46 130 228 370
52 82 270 314
54 90 306 250
50 106 258 298
50 106 296 250
50 94 274 306
50 98 300 274
50 82 290 346
54 82 302 290
64 74 280 314
66 74 278 298
62 82 262 290
52 118 246 250
60 82 262 314
64 74 288 274
68 70 276 274
62 82 258 314
62 82 274 274
48 90 276 314
52 90 266 306
60 82 248 338
66 74 272 306
72 70 244 322
74 70 240 322
62 82 278 266
60 86 304 242
52 86 318 290
56 78 280 314
56 82 276 298
56 90 292 242
62 78 274 322
66 70 290 322
60 74 278 346
68 74 260 346
54 146 294 178
54 114 340 186
56 98 344 194
66 110 294 162
56 114 316 170
58 98 320 178
54 110 300 202
60 106 316 162
68 94 294 186
64 82 306 242
60 82 298 250
54 86 338 234
64 78 328 258
70 82 338 202
62 82 322 234
72 70 280 258
66 78 348 234
48 118 292 250
50 106 322 234
52 98 308 226
62 114 274 178
60 94 296 194
60 98 284 194
76 86 322 186
74 86 304 194
72 98 306 170
64 90 308 194
58 94 310 202
56 86 274 266
58 86 306 242
68 78 292 226
72 74 280 226
60 90 272 250
52 94 280 266
60 82 284 266
60 86 280 250
58 90 278 242
64 86 270 234
76 66 302 258
80 74 292 210
80 82 304 186
72 78 262 226
56 122 300 178
60 114 300 170
66 78 252 298
56 86 264 298
74 70 298 234
62 74 326 274
90 62 300 274
58 130 322 162
64 114 314 154
66 82 322 226
62 86 274 250
62 82 282 258
68 102 308 170
62 86 244 266
68 86 230 258
52 98 274 290
54 90 298 274
72 70 308 242
66 78 266 250
66 94 300 178
68 90 262 210
82 86 298 186
86 74 314 202
76 82 298 194
78 94 304 170
86 66 256 258
66 122 318 138
78 114 324 138
66 130 302 146
64 138 310 146
76 102 314 154
68 138 324 130
84 118 326 130
64 150 330 138
62 158 318 138
66 118 306 154
70 98 338 170
80 86 306 170
84 78 300 186
78 78 314 202
84 86 312 162
68 102 310 162
90 70 330 210
90 78 322 178
78 82 296 194
46 194 310 210
52 186 314 170
44 186 234 266
44 194 218 274
46 206 238 234
40 182 226 330
44 170 282 266
44 142 270 290
44 142 232 330
76 82 270 202
88 70 340 218
80 90 288 178
84 94 302 162
86 62 264 314
54 186 180 282
68 178 130 354
64 178 140 354
78 150 120 354
66 146 146 330
94 98 126 386
82 134 120 394
92 74 186 378
82 70 200 362
80 86 162 370
88 82 148 402
96 90 136 386
80 82 166 338
92 70 190 346
84 74 194 362
88 78 152 370
96 74 184 362
100 82 174 330
88 94 168 298
88 138 122 322
84 106 140 346
88 114 126 354
80 110 134 370
80 106 130 386
94 134 120 322
98 114 122 354
92 138 108 354
88 86 162 338
96 82 148 370
94 74 186 362
94 70 208 330
94 66 222 314
90 74 198 346
88 94 150 354
84 94 138 362
82 86 162 354
82 82 184 322
90 94 142 346
80 106 140 354
92 102 128 394
82 102 144 410
90 82 148 386
90 78 170 354
92 102 144 338
94 74 176 378
96 70 202 338
92 122 126 346
88 126 118 362
86 130 116 370
86 102 132 394
106 134 114 370
84 114 148 290
78 106 140 378
78 110 138 330
76 122 130 362
88 134 124 322
76 126 128 314
74 114 136 378
86 122 130 330
74 118 134 330
84 110 136 362
92 114 136 298
84 126 130 298
82 150 118 322
82 126 126 338
88 90 166 322
84 82 204 274
94 90 174 306
72 98 172 298
86 102 138 346
68 98 238 194
66 122 178 258
68 106 206 242
62 158 166 266
72 134 136 298
54 198 178 266
56 170 178 266
70 178 128 298
60 166 162 282
54 170 188 258
52 186 182 298
58 166 180 258
90 102 146 322
82 86 176 330
88 78 198 306
110 98 190 242
70 150 132 330
86 130 134 290
82 138 124 306
92 138 130 266
98 126 126 298
68 138 136 314
72 174 134 298
62 162 158 298
62 154 148 338
70 142 152 258
76 146 126 298
66 138 142 386
70 122 144 362
88 146 118 314
102 126 116 330
88 106 132 338
82 114 130 354
92 70 212 330
88 78 190 322
92 66 232 346
102 62 248 346
92 66 220 354
88 62 252 330
100 62 250 322
78 66 256 314
92 62 256 290
90 66 236 314
96 78 194 314
48 214 264 202
48 226 256 202
50 198 280 186
78 102 282 154
62 106 232 226
64 118 264 170
66 98 256 194
58 102 270 210
58 134 272 178
48 126 282 250
52 106 298 226
50 170 282 194
48 146 254 250
64 122 284 154
56 114 266 210
50 114 288 258
48 190 286 194
48 210 270 194
44 170 248 274
48 202 278 194
66 158 190 202
56 186 232 186
58 142 266 170
60 130 276 170
66 182 240 154
52 126 262 226
58 122 220 234
50 134 266 210
52 122 276 210
54 106 280 218
48 170 228 250
50 146 232 258
48 174 254 210
50 182 248 210
56 102 272 234
54 110 244 258
56 94 298 218
54 114 280 210
52 118 298 194
54 102 302 202
52 138 282 194
60 110 218 250
56 94 278 234
54 94 290 226
54 126 292 194
60 86 320 234
56 90 286 258
62 90 256 226
58 94 284 218
56 182 254 170
50 158 286 194
50 178 270 194
48 134 274 234
52 114 258 234
48 142 268 226
50 126 300 210
52 110 304 218
58 114 236 226
54 106 256 258
50 126 240 234
52 134 250 226
52 122 246 242
52 130 256 218
46 166 254 242
54 162 244 194
48 158 256 226
48 162 260 218
48 138 282 210
50 122 286 218
48 158 266 210
50 146 292 202
50 110 296 226
50 142 298 194
48 138 270 234
50 118 262 258
52 114 270 218
64 102 290 178
54 102 288 218
54 102 264 242
54 90 280 282
58 90 292 226
80 194 204 154
66 210 224 162
56 186 214 210
88 214 166 178
56 194 212 210
56 210 216 202
58 166 212 210
62 178 196 210
82 190 156 194
76 210 196 170
74 162 168 202
78 174 178 178
68 190 174 202
70 162 174 202
74 182 154 210
60 190 216 186
60 194 198 202
62 210 214 178
62 166 198 202
64 182 214 178
68 202 194 186
74 230 186 186
56 190 218 202
58 162 218 202
48 190 230 234
52 130 214 282
54 122 238 234
52 110 248 250
48 202 192 266
50 218 206 234
54 198 206 218
48 194 214 234
50 206 206 242
50 174 192 266
52 190 206 234
50 154 226 234
52 178 206 242
64 190 158 258
58 174 170 258
60 146 170 258
64 178 162 258
64 182 142 298
50 198 194 258
48 174 202 258
52 166 216 234
52 170 194 258
52 146 224 234
48 146 204 298
54 138 216 234
60 154 186 234
50 190 216 226
54 182 230 202
52 150 228 226
56 154 230 202
64 158 202 202
54 170 216 210
54 174 198 226
56 146 198 226
60 170 174 250
68 162 154 234
58 186 166 274
58 150 184 258
52 150 202 266
50 178 216 234
52 158 238 202
50 162 232 218
56 150 242 202
52 130 236 234
54 122 234 258
56 142 210 234
52 138 228 234
54 118 250 202
54 110 254 226
56 134 214 234
62 214 162 266
54 202 172 274
62 202 162 274
56 198 174 266
62 178 156 290
74 166 130 258
70 182 122 306
54 174 182 266
60 154 180 250
62 150 174 250
46 230 208 266
44 206 216 266
46 218 208 274
56 170 168 306
46 142 224 314
46 162 208 298
46 222 230 234
48 242 228 226
44 206 242 242
46 210 230 242
48 190 252 210
46 218 236 226
50 210 250 202
50 186 254 202
48 214 238 218
52 138 212 282
48 202 238 226
54 158 252 194
48 170 240 234
50 182 260 194
60 166 178 250
54 146 194 274
54 126 228 242
54 134 214 250
56 118 264 194
46 138 254 266
50 150 264 210
52 146 266 202
52 126 274 210
52 142 272 194
56 126 200 290
46 170 200 306
50 130 202 322
70 130 188 202
58 110 246 218
58 106 232 250
56 94 252 250
58 102 246 226
60 86 274 258
54 98 266 250
58 98 258 226
54 106 258 250
58 94 266 234
62 94 250 250
56 126 260 194
62 154 192 218
64 130 174 234
76 114 168 250
54 158 216 218
56 138 194 250
56 118 228 218
58 102 242 250
56 106 264 226
56 106 268 202
