82 142 190 170
76 162 192 194
82 146 170 202
82 150 184 178
72 134 202 218
80 142 190 202
86 150 186 170
88 150 178 186
88 154 200 162
84 138 194 194
86 150 226 154
82 138 184 218
74 142 236 186
78 166 192 178
72 146 196 218
84 126 186 226
76 130 198 194
78 130 200 178
86 146 184 186
78 146 180 202
78 138 186 234
90 146 180 186
80 162 194 170
86 142 176 194
78 126 214 170
72 150 204 178
94 126 198 194
78 146 202 162
90 166 196 162
76 154 196 210
86 134 180 226
80 138 216 162
90 126 178 202
92 114 228 170
82 122 220 170
80 158 200 162
92 170 174 186
66 202 332 370
56 210 346 386
64 186 348 354
62 202 344 362
68 194 356 346
64 190 344 362
70 194 334 354
62 214 306 418
66 218 330 386
68 210 322 378
64 206 306 410
66 194 342 394
66 210 322 394
60 206 368 362
68 218 308 386
66 202 326 418
70 182 360 386
60 198 368 410
64 198 334 370
66 206 364 346
64 210 346 346
66 182 368 370
70 194 310 370
