4593
 23 136 163 222
 23 136 179 230
 23 144 161 254
 23 144 177 278
 23 148 157 198
 23 148 183 182
 23 148 199 190
 23 156 165 194
 23 156 181 214
 23 156 191 178
 23 156 193 274
 23 160 199 266
 23 160 209 234
 23 164 171 278
 23 164 181 246
 23 164 205 230
 23 172 183 242
 23 172 185 210
 23 172 201 334
 23 184 163 294
 23 192 205 302
 25 120 157 286
 25 120 223 310
 25 124 169 230
 25 124 179 298
 25 124 185 238
 25 128 171 230
 25 128 175 242
 25 128 201 226
 25 132 167 262
 25 132 189 234
 25 132 205 242
 25 132 215 310
 25 136 147 226
 25 136 173 298
 25 136 211 318
 25 140 161 210
 25 140 179 278
 25 140 181 310
 25 140 187 194
 25 140 191 278
 25 140 195 210
 25 140 227 278
 25 144 159 198
 25 144 159 278
 25 144 175 338
 25 144 185 242
 25 144 201 250
 25 148 173 238
 25 148 175 198
 25 148 175 346
 25 148 177 302
 25 148 185 370
 25 148 189 206
 25 148 191 286
 25 148 199 210
 25 152 145 202
 25 152 183 274
 25 152 187 182
 25 152 225 330
 25 156 125 266
 25 156 155 286
 25 156 155 346
 25 156 167 306
 25 160 173 278
 25 160 183 246
 25 160 207 174
 25 164 177 178
 25 164 189 210
 25 164 193 350
 25 164 205 218
 25 168 135 170
 25 168 159 266
 25 168 171 238
 25 168 179 314
 25 168 187 310
 25 168 189 338
 25 172 187 242
 25 172 221 306
 25 172 243 170
 25 176 159 254
 25 176 159 314
 25 176 171 274
 25 176 191 258
 25 184 151 218
 25 184 173 282
 25 184 197 318
 25 188 175 246
 25 192 193 278
 27 104 187 274
 27 112 185 306
 27 112 201 290
 27 112 207 278
 27 116 159 286
 27 116 165 270
 27 116 173 242
 27 116 179 290
 27 116 189 250
 27 116 211 282
 27 120 163 222
 27 120 187 270
 27 120 205 238
 27 120 209 286
 27 124 159 282
 27 124 171 274
 27 124 175 254
 27 124 177 242
 27 128 151 310
 27 128 161 254
 27 128 195 346
 27 128 217 254
 27 132 149 286
 27 132 157 250
 27 132 175 298
 27 132 179 378
 27 132 187 298
 27 132 199 222
 27 132 201 318
 27 132 215 262
 27 132 221 302
 27 136 141 262
 27 136 155 298
 27 136 163 210
 27 136 163 282
 27 136 169 222
 27 136 169 250
 27 136 185 246
 27 136 187 274
 27 136 189 226
 27 136 191 190
 27 136 191 322
 27 136 193 314
 27 136 199 230
 27 136 203 302
 27 140 157 206
 27 140 165 198
 27 140 165 246
 27 140 167 202
 27 140 171 238
 27 140 173 214
 27 140 179 378
 27 140 183 302
 27 140 197 202
 27 140 211 298
 27 140 223 266
 27 144 153 242
 27 144 175 238
 27 144 183 310
 27 144 191 234
 27 144 195 278
 27 144 201 210
 27 144 209 182
 27 148 153 214
 27 148 155 238
 27 148 165 222
 27 148 169 182
 27 148 185 166
 27 148 191 194
 27 148 195 166
 27 148 205 354
 27 148 207 262
 27 148 211 174
 27 148 221 294
 27 148 221 322
 27 152 123 194
 27 152 159 174
 27 152 163 186
 27 152 163 322
 27 152 165 226
 27 152 175 302
 27 152 177 162
 27 152 185 158
 27 152 193 306
 27 152 223 250
 27 156 141 186
 27 156 161 206
 27 156 189 318
 27 156 191 258
 27 156 195 214
 27 156 197 298
 27 156 207 270
 27 156 211 282
 27 156 219 146
 27 160 121 226
 27 160 151 246
 27 160 171 250
 27 160 181 150
 27 160 183 294
 27 160 203 238
 27 160 205 314
 27 160 227 234
 27 164 155 310
 27 164 159 282
 27 164 161 262
 27 164 163 270
 27 164 165 182
 27 164 173 238
 27 164 175 250
 27 164 185 218
 27 164 187 278
 27 164 189 310
 27 164 191 166
 27 164 195 202
 27 164 215 302
 27 168 109 222
 27 168 143 210
 27 168 171 290
 27 168 173 254
 27 168 181 178
 27 168 181 330
 27 168 213 142
 27 168 225 290
 27 168 237 266
 27 172 135 162
 27 172 137 202
 27 172 141 290
 27 172 155 266
 27 172 169 274
 27 172 171 282
 27 172 179 330
 27 172 197 274
 27 172 199 330
 27 172 209 278
 27 172 221 242
 27 176 181 270
 27 176 215 250
 27 180 119 226
 27 180 149 250
 27 180 149 254
 27 180 169 226
 27 180 173 206
 27 180 183 210
 27 180 187 262
 27 180 207 210
 27 184 165 230
 27 184 169 274
 27 184 183 194
 27 184 185 206
 27 184 207 178
 27 184 219 270
 27 188 131 258
 27 188 141 210
 27 188 161 270
 27 192 175 186
 27 192 181 226
 27 192 199 170
 27 192 213 258
 27 196 175 210
 27 196 181 266
 27 200 163 250
 27 208 179 174
 29 96 191 286
 29 96 193 354
 29 100 181 266
 29 104 193 298
 29 108 179 298
 29 108 191 274
 29 112 169 302
 29 112 173 290
 29 112 175 226
 29 112 181 274
 29 112 213 282
 29 116 145 266
 29 116 145 302
 29 116 179 266
 29 116 187 294
 29 116 203 274
 29 116 203 290
 29 116 209 366
 29 120 141 298
 29 120 155 294
 29 120 163 278
 29 120 163 346
 29 120 169 246
 29 120 169 270
 29 120 177 298
 29 120 179 314
 29 120 183 290
 29 120 185 230
 29 124 147 250
 29 124 175 330
 29 124 181 214
 29 124 195 186
 29 124 197 222
 29 128 157 226
 29 128 171 206
 29 128 171 266
 29 128 179 250
 29 128 187 226
 29 128 195 262
 29 128 213 210
 29 128 215 210
 29 128 229 218
 29 132 139 242
 29 132 141 238
 29 132 151 230
 29 132 157 226
 29 132 161 266
 29 132 161 270
 29 132 163 234
 29 132 167 258
 29 132 169 202
 29 132 169 250
 29 132 173 218
 29 132 177 226
 29 132 177 302
 29 132 181 178
 29 132 229 306
 29 136 151 210
 29 136 153 254
 29 136 157 294
 29 136 165 222
 29 136 167 218
 29 136 167 330
 29 136 173 246
 29 136 185 166
 29 136 193 218
 29 136 195 182
 29 136 211 150
 29 140 133 246
 29 140 135 190
 29 140 139 270
 29 140 149 230
 29 140 151 198
 29 140 155 254
 29 140 163 230
 29 140 165 250
 29 140 181 206
 29 140 201 310
 29 144 155 178
 29 144 171 182
 29 144 171 326
 29 144 181 174
 29 144 187 190
 29 144 207 178
 29 144 219 286
 29 144 233 290
 29 148 127 266
 29 148 133 222
 29 148 143 186
 29 148 159 334
 29 148 161 174
 29 148 163 314
 29 148 171 242
 29 148 177 234
 29 148 181 310
 29 148 189 162
 29 148 191 298
 29 148 195 258
 29 148 211 222
 29 152 121 226
 29 152 129 218
 29 152 161 166
 29 152 173 178
 29 152 173 202
 29 152 173 310
 29 152 177 286
 29 152 181 270
 29 152 191 238
 29 152 197 214
 29 152 199 174
 29 152 199 286
 29 156 113 270
 29 156 147 178
 29 156 157 166
 29 156 161 262
 29 156 171 298
 29 156 183 230
 29 156 185 198
 29 156 185 202
 29 156 209 282
 29 156 213 142
 29 160 117 218
 29 160 141 206
 29 160 159 174
 29 160 167 170
 29 160 167 182
 29 160 173 162
 29 160 185 194
 29 160 187 270
 29 160 189 278
 29 160 215 210
 29 160 227 270
 29 160 233 242
 29 164 153 170
 29 164 155 226
 29 164 157 290
 29 164 163 202
 29 164 163 310
 29 164 167 302
 29 164 187 222
 29 164 195 210
 29 164 201 318
 29 164 205 310
 29 164 227 178
 29 164 227 262
 29 168 127 170
 29 168 155 278
 29 168 157 258
 29 168 159 142
 29 168 161 266
 29 168 163 138
 29 168 167 150
 29 168 167 222
 29 168 167 282
 29 168 173 206
 29 168 177 322
 29 168 199 274
 29 168 211 278
 29 168 223 242
 29 168 239 154
 29 172 115 246
 29 172 123 170
 29 172 137 146
 29 172 159 154
 29 172 165 242
 29 172 183 262
 29 172 205 166
 29 172 241 238
 29 176 139 238
 29 176 141 290
 29 176 155 174
 29 176 157 206
 29 176 157 262
 29 176 159 226
 29 176 179 186
 29 176 179 262
 29 176 197 266
 29 176 203 226
 29 176 213 250
 29 176 215 146
 29 176 217 170
 29 180 137 274
 29 180 147 266
 29 180 155 226
 29 180 163 298
 29 180 165 218
 29 180 175 190
 29 180 175 238
 29 184 151 170
 29 184 161 258
 29 184 175 250
 29 184 199 194
 29 184 215 294
 29 188 149 218
 29 188 159 266
 29 188 173 186
 29 188 187 202
 29 188 191 194
 29 196 165 178
 29 196 179 174
 29 196 181 326
 29 204 153 242
 31 88 197 366
 31 92 171 250
 31 92 195 354
 31 96 149 258
 31 100 177 374
 31 100 181 234
 31 104 173 262
 31 104 179 238
 31 104 193 374
 31 104 213 370
 31 104 235 302
 31 108 165 346
 31 108 183 210
 31 108 187 318
 31 108 199 218
 31 108 201 238
 31 112 155 286
 31 112 159 230
 31 112 161 218
 31 112 171 350
 31 112 173 318
 31 112 177 226
 31 112 181 250
 31 112 189 210
 31 112 189 242
 31 112 213 274
 31 116 123 278
 31 116 153 226
 31 116 171 270
 31 116 173 250
 31 116 179 298
 31 116 181 242
 31 116 181 314
 31 116 187 230
 31 116 189 222
 31 116 199 198
 31 120 153 234
 31 120 153 334
 31 120 165 214
 31 120 165 274
 31 120 169 214
 31 120 169 242
 31 120 171 234
 31 120 171 314
 31 120 173 282
 31 120 175 206
 31 120 203 270
 31 124 139 326
 31 124 147 266
 31 124 147 290
 31 124 153 226
 31 124 155 266
 31 124 157 290
 31 124 161 238
 31 124 165 198
 31 124 167 178
 31 124 173 222
 31 124 175 282
 31 124 191 202
 31 124 197 218
 31 128 133 322
 31 128 141 270
 31 128 143 250
 31 128 147 246
 31 128 151 266
 31 128 153 218
 31 128 155 226
 31 128 157 206
 31 128 159 186
 31 128 159 210
 31 128 161 242
 31 128 175 262
 31 128 177 346
 31 128 179 186
 31 128 207 170
 31 128 207 282
 31 132 133 298
 31 132 139 202
 31 132 147 262
 31 132 147 278
 31 132 155 294
 31 132 157 194
 31 132 161 186
 31 132 169 226
 31 132 173 238
 31 132 177 226
 31 132 187 334
 31 132 191 222
 31 132 193 318
 31 132 225 246
 31 136 127 246
 31 136 129 262
 31 136 141 218
 31 136 147 266
 31 136 171 238
 31 136 179 214
 31 136 183 206
 31 136 191 182
 31 136 197 250
 31 136 197 258
 31 136 203 254
 31 136 203 282
 31 136 203 330
 31 136 209 246
 31 136 219 214
 31 140 123 250
 31 140 129 242
 31 140 139 242
 31 140 141 214
 31 140 149 214
 31 140 165 186
 31 140 169 190
 31 140 177 202
 31 140 177 322
 31 140 179 174
 31 140 183 174
 31 140 183 326
 31 140 207 162
 31 140 223 230
 31 144 131 246
 31 144 143 202
 31 144 147 174
 31 144 153 162
 31 144 153 230
 31 144 167 210
 31 144 167 222
 31 144 169 154
 31 144 169 318
 31 144 171 170
 31 144 181 282
 31 144 191 138
 31 144 201 186
 31 144 209 302
 31 144 213 166
 31 144 219 278
 31 148 129 214
 31 148 137 182
 31 148 145 310
 31 148 149 154
 31 148 157 210
 31 148 159 274
 31 148 165 258
 31 148 167 170
 31 148 171 274
 31 148 181 186
 31 148 181 314
 31 148 223 134
 31 152 131 334
 31 152 137 270
 31 152 143 222
 31 152 143 294
 31 152 159 182
 31 152 161 246
 31 152 163 150
 31 152 171 302
 31 152 179 218
 31 152 189 134
 31 152 189 146
 31 152 189 218
 31 152 191 302
 31 152 199 134
 31 152 201 250
 31 152 215 130
 31 156 125 170
 31 156 137 210
 31 156 143 154
 31 156 143 290
 31 156 157 278
 31 156 163 138
 31 156 165 162
 31 156 185 202
 31 156 207 250
 31 160 113 210
 31 160 115 234
 31 160 123 190
 31 160 137 306
 31 160 141 246
 31 160 143 302
 31 160 153 302
 31 160 161 290
 31 160 163 130
 31 160 173 186
 31 160 181 290
 31 160 189 262
 31 160 213 154
 31 160 217 278
 31 160 225 202
 31 164 117 250
 31 164 125 182
 31 164 135 158
 31 164 141 178
 31 164 143 130
 31 164 147 250
 31 164 147 266
 31 164 155 226
 31 164 155 314
 31 164 159 122
 31 164 161 218
 31 164 169 254
 31 164 195 178
 31 164 199 286
 31 164 209 238
 31 164 213 298
 31 164 215 146
 31 168 123 230
 31 168 143 218
 31 168 143 254
 31 168 151 266
 31 168 153 242
 31 168 155 122
 31 168 211 270
 31 168 255 218
 31 172 117 186
 31 172 131 190
 31 172 147 190
 31 172 151 282
 31 172 153 238
 31 172 163 222
 31 172 185 158
 31 172 187 170
 31 172 201 230
 31 172 211 222
 31 172 217 218
 31 176 105 210
 31 176 109 210
 31 176 137 222
 31 176 161 306
 31 176 173 246
 31 176 177 118
 31 176 177 242
 31 176 183 242
 31 176 209 246
 31 176 211 278
 31 180 121 182
 31 180 141 234
 31 180 143 258
 31 180 145 154
 31 180 157 270
 31 180 167 250
 31 180 171 162
 31 180 177 226
 31 180 195 218
 31 184 139 282
 31 184 165 182
 31 184 183 230
 31 184 189 154
 31 188 137 178
 31 188 185 314
 31 188 227 274
 31 196 203 138
 31 208 167 162
 33 84 199 366
 33 96 167 266
 33 96 175 226
 33 96 175 250
 33 96 193 230
 33 100 163 306
 33 100 171 238
 33 100 203 230
 33 100 205 314
 33 100 213 310
 33 104 157 218
 33 104 163 278
 33 104 167 298
 33 104 173 226
 33 104 177 206
 33 104 179 202
 33 108 135 294
 33 108 149 342
 33 108 157 210
 33 108 159 218
 33 108 161 266
 33 112 133 282
 33 112 169 202
 33 112 181 294
 33 112 187 210
 33 116 133 254
 33 116 143 290
 33 116 145 210
 33 116 157 270
 33 116 159 262
 33 116 163 194
 33 116 169 266
 33 116 171 182
 33 116 171 190
 33 120 123 246
 33 120 141 202
 33 120 147 274
 33 120 147 278
 33 120 149 266
 33 120 153 202
 33 120 153 266
 33 120 159 258
 33 120 165 246
 33 120 167 258
 33 120 171 186
 33 120 175 182
 33 124 145 278
 33 124 147 186
 33 124 155 238
 33 124 159 230
 33 124 163 178
 33 124 163 274
 33 124 169 238
 33 124 175 282
 33 124 181 186
 33 124 183 170
 33 124 183 218
 33 124 211 258
 33 128 131 306
 33 128 137 258
 33 128 139 234
 33 128 145 218
 33 128 149 262
 33 128 155 198
 33 128 161 178
 33 128 167 170
 33 128 167 222
 33 128 185 338
 33 128 187 146
 33 128 187 230
 33 132 127 242
 33 132 139 178
 33 132 147 238
 33 132 165 162
 33 132 165 166
 33 132 169 246
 33 132 171 210
 33 132 173 242
 33 132 175 194
 33 132 191 138
 33 132 193 162
 33 132 201 178
 33 132 209 170
 33 132 209 290
 33 132 215 298
 33 132 217 250
 33 136 111 238
 33 136 137 238
 33 136 143 214
 33 136 151 194
 33 136 151 214
 33 136 155 174
 33 136 157 278
 33 136 159 190
 33 136 161 190
 33 136 161 330
 33 136 165 162
 33 136 171 170
 33 136 177 266
 33 136 177 334
 33 136 181 138
 33 136 181 158
 33 136 183 154
 33 136 191 294
 33 136 199 222
 33 136 201 290
 33 136 207 166
 33 136 239 334
 33 140 123 274
 33 140 131 242
 33 140 135 186
 33 140 141 190
 33 140 145 170
 33 140 147 174
 33 140 151 162
 33 140 163 158
 33 140 163 166
 33 140 163 186
 33 140 167 154
 33 140 171 234
 33 140 181 250
 33 140 199 134
 33 140 213 218
 33 140 215 130
 33 140 215 306
 33 140 221 270
 33 140 231 246
 33 144 113 278
 33 144 115 242
 33 144 121 258
 33 144 133 186
 33 144 137 166
 33 144 139 170
 33 144 141 170
 33 144 145 150
 33 144 157 310
 33 144 165 166
 33 144 167 286
 33 144 169 242
 33 144 173 158
 33 144 185 186
 33 144 203 162
 33 144 205 338
 33 148 115 226
 33 148 117 210
 33 148 117 258
 33 148 125 218
 33 148 127 214
 33 148 129 162
 33 148 131 194
 33 148 133 322
 33 148 143 302
 33 148 149 234
 33 148 161 166
 33 148 165 150
 33 148 171 350
 33 148 189 306
 33 148 199 154
 33 148 199 170
 33 152 111 226
 33 152 113 266
 33 152 127 182
 33 152 135 162
 33 152 137 202
 33 152 151 158
 33 152 159 122
 33 152 163 218
 33 152 167 170
 33 152 169 302
 33 152 173 170
 33 152 175 134
 33 152 183 278
 33 156 99 258
 33 156 105 262
 33 156 131 162
 33 156 147 146
 33 156 149 214
 33 156 151 198
 33 156 153 142
 33 156 171 234
 33 156 177 118
 33 156 183 186
 33 156 197 274
 33 156 213 122
 33 160 93 234
 33 160 111 266
 33 160 115 210
 33 160 121 194
 33 160 135 138
 33 160 141 138
 33 160 187 190
 33 160 187 210
 33 160 203 182
 33 160 219 270
 33 164 131 138
 33 164 143 274
 33 164 157 234
 33 164 161 174
 33 164 167 222
 33 164 173 146
 33 164 177 118
 33 164 177 322
 33 164 193 222
 33 164 195 162
 33 164 199 254
 33 168 185 282
 33 168 201 262
 33 168 205 274
 33 168 215 302
 33 172 133 210
 33 172 147 162
 33 172 153 134
 33 172 163 154
 33 172 169 214
 33 172 175 218
 33 172 189 206
 33 172 203 254
 33 176 111 194
 33 176 149 270
 33 176 181 178
 33 176 183 114
 33 180 109 226
 33 180 115 234
 33 180 135 194
 33 180 175 230
 33 184 103 302
 33 184 109 238
 33 184 147 186
 33 184 183 222
 33 188 165 234
 33 192 169 178
 33 196 115 178
 33 200 147 202
 35 88 165 262
 35 92 181 362
 35 92 183 234
 35 92 183 306
 35 92 187 242
 35 92 193 306
 35 92 205 294
 35 96 155 382
 35 96 161 222
 35 96 161 230
 35 96 173 226
 35 100 135 362
 35 100 147 318
 35 100 151 234
 35 100 155 230
 35 100 161 266
 35 100 171 310
 35 100 185 218
 35 100 193 246
 35 100 201 302
 35 104 133 238
 35 104 147 290
 35 104 149 246
 35 104 153 218
 35 104 161 210
 35 104 171 234
 35 104 173 206
 35 104 173 214
 35 104 175 290
 35 104 197 222
 35 108 147 246
 35 108 151 210
 35 108 151 270
 35 108 157 314
 35 108 159 266
 35 108 163 262
 35 108 167 206
 35 108 183 210
 35 108 199 234
 35 108 215 242
 35 112 145 250
 35 112 149 234
 35 112 153 206
 35 112 153 214
 35 112 157 302
 35 112 163 286
 35 112 165 242
 35 112 167 186
 35 112 173 202
 35 112 185 210
 35 112 197 266
 35 116 121 230
 35 116 141 226
 35 116 151 198
 35 116 163 194
 35 116 163 270
 35 116 171 202
 35 116 175 178
 35 116 177 182
 35 116 191 290
 35 120 127 230
 35 120 135 282
 35 120 137 234
 35 120 143 346
 35 120 147 266
 35 120 159 186
 35 120 163 242
 35 120 163 258
 35 120 163 262
 35 120 167 182
 35 120 171 182
 35 120 175 310
 35 120 193 206
 35 120 201 194
 35 120 233 278
 35 124 117 230
 35 124 121 202
 35 124 121 338
 35 124 131 278
 35 124 133 250
 35 124 141 206
 35 124 143 186
 35 124 153 330
 35 124 155 178
 35 124 157 234
 35 124 157 258
 35 124 161 242
 35 124 165 218
 35 124 165 286
 35 124 173 254
 35 124 175 202
 35 124 175 274
 35 124 177 190
 35 124 185 290
 35 124 187 158
 35 124 213 194
 35 128 107 278
 35 128 115 206
 35 128 117 270
 35 128 123 202
 35 128 135 222
 35 128 141 178
 35 128 141 182
 35 128 157 190
 35 128 159 262
 35 128 161 162
 35 128 163 158
 35 128 163 218
 35 128 163 246
 35 128 167 154
 35 128 173 286
 35 128 185 150
 35 128 213 226
 35 132 131 266
 35 132 137 222
 35 132 147 230
 35 132 147 330
 35 132 149 166
 35 132 155 222
 35 132 173 146
 35 132 173 162
 35 132 187 182
 35 132 195 278
 35 132 203 190
 35 132 205 194
 35 132 225 266
 35 136 103 250
 35 136 115 226
 35 136 121 258
 35 136 123 198
 35 136 131 210
 35 136 131 238
 35 136 133 218
 35 136 135 214
 35 136 141 178
 35 136 141 230
 35 136 149 154
 35 136 149 226
 35 136 159 166
 35 136 159 170
 35 136 161 174
 35 136 169 174
 35 136 171 134
 35 136 197 234
 35 136 201 122
 35 136 207 258
 35 136 235 238
 35 140 123 226
 35 140 123 250
 35 140 127 214
 35 140 131 186
 35 140 135 170
 35 140 139 322
 35 140 149 154
 35 140 149 174
 35 140 149 182
 35 140 153 262
 35 140 173 262
 35 140 175 166
 35 140 179 130
 35 140 185 242
 35 140 201 158
 35 140 215 346
 35 144 105 206
 35 144 119 202
 35 144 121 198
 35 144 121 202
 35 144 123 226
 35 144 125 194
 35 144 129 174
 35 144 133 178
 35 144 141 150
 35 144 141 158
 35 144 149 226
 35 144 153 158
 35 144 155 142
 35 144 167 182
 35 144 167 214
 35 144 171 158
 35 144 175 182
 35 144 177 166
 35 144 183 234
 35 144 189 122
 35 144 203 122
 35 144 205 170
 35 148 105 250
 35 148 107 182
 35 148 115 258
 35 148 127 170
 35 148 129 226
 35 148 135 138
 35 148 137 194
 35 148 145 178
 35 148 153 158
 35 148 157 146
 35 148 163 166
 35 148 167 122
 35 148 209 266
 35 148 219 246
 35 152 111 170
 35 152 113 218
 35 152 119 198
 35 152 123 202
 35 152 123 234
 35 152 137 174
 35 152 139 182
 35 152 153 134
 35 152 153 154
 35 152 165 110
 35 152 171 114
 35 152 193 226
 35 152 209 218
 35 152 229 234
 35 156 109 194
 35 156 121 186
 35 156 127 154
 35 156 147 258
 35 156 149 146
 35 156 153 278
 35 156 163 142
 35 156 169 214
 35 156 201 218
 35 156 203 250
 35 156 203 274
 35 160 97 214
 35 160 121 154
 35 160 121 234
 35 160 129 146
 35 160 143 238
 35 160 167 162
 35 160 169 322
 35 160 193 202
 35 160 207 154
 35 160 219 206
 35 164 99 266
 35 164 103 242
 35 164 131 286
 35 164 137 154
 35 164 137 258
 35 164 141 238
 35 164 151 162
 35 164 155 286
 35 164 185 270
 35 164 189 262
 35 164 193 150
 35 164 221 154
 35 168 113 182
 35 168 121 146
 35 168 135 182
 35 168 145 218
 35 168 147 122
 35 168 157 114
 35 168 159 330
 35 168 165 222
 35 168 175 214
 35 168 191 210
 35 168 211 226
 35 168 225 246
 35 172 95 222
 35 172 119 182
 35 172 143 202
 35 172 151 226
 35 172 153 346
 35 172 165 314
 35 172 173 282
 35 172 183 106
 35 172 195 262
 35 172 201 238
 35 172 213 214
 35 172 237 154
 35 172 247 138
 35 176 107 194
 35 176 111 190
 35 176 117 170
 35 176 131 254
 35 176 135 234
 35 176 141 214
 35 176 145 202
 35 176 161 170
 35 176 163 214
 35 176 181 218
 35 176 197 198
 35 176 199 234
 35 180 125 230
 35 184 119 230
 35 184 153 238
 35 184 185 294
 35 184 195 242
 35 192 127 210
 35 192 157 170
 35 192 181 154
 35 196 129 226
 37 80 203 262
 37 84 161 390
 37 84 173 230
 37 84 191 262
 37 88 167 318
 37 88 169 254
 37 88 169 270
 37 88 177 206
 37 88 179 282
 37 88 183 230
 37 88 197 206
 37 92 155 254
 37 92 155 282
 37 92 159 274
 37 92 161 238
 37 92 173 254
 37 92 177 230
 37 92 183 238
 37 92 193 266
 37 96 145 266
 37 96 157 222
 37 96 157 230
 37 96 161 206
 37 96 177 222
 37 96 187 278
 37 100 129 258
 37 100 147 242
 37 100 151 266
 37 100 177 226
 37 100 181 306
 37 100 189 202
 37 104 127 238
 37 104 145 206
 37 104 147 234
 37 104 157 266
 37 104 169 202
 37 104 171 198
 37 104 175 190
 37 104 205 242
 37 108 127 290
 37 108 133 250
 37 108 141 242
 37 108 147 270
 37 108 157 234
 37 108 161 198
 37 108 171 202
 37 108 171 250
 37 108 181 178
 37 112 111 254
 37 112 139 210
 37 112 145 242
 37 112 155 182
 37 112 157 274
 37 112 165 214
 37 112 173 166
 37 112 175 350
 37 112 199 194
 37 112 217 358
 37 116 107 302
 37 116 133 202
 37 116 143 226
 37 116 143 290
 37 116 145 170
 37 116 147 198
 37 116 149 282
 37 116 153 210
 37 116 157 194
 37 116 165 178
 37 116 173 182
 37 116 179 270
 37 116 191 286
 37 116 191 310
 37 116 195 358
 37 120 97 242
 37 120 111 210
 37 120 115 222
 37 120 121 242
 37 120 127 218
 37 120 137 178
 37 120 137 266
 37 120 139 274
 37 120 141 190
 37 120 147 186
 37 120 149 294
 37 120 161 182
 37 120 163 174
 37 120 165 322
 37 120 175 162
 37 120 177 330
 37 120 183 170
 37 120 189 170
 37 120 193 282
 37 120 211 198
 37 124 115 226
 37 124 117 206
 37 124 123 234
 37 124 125 222
 37 124 133 186
 37 124 139 242
 37 124 149 278
 37 124 153 166
 37 124 155 162
 37 124 171 150
 37 124 175 162
 37 124 177 158
 37 124 191 158
 37 124 191 210
 37 124 195 154
 37 124 207 266
 37 124 221 294
 37 128 95 274
 37 128 109 242
 37 128 127 198
 37 128 131 186
 37 128 135 302
 37 128 137 178
 37 128 139 198
 37 128 145 270
 37 128 147 262
 37 128 149 162
 37 128 149 170
 37 128 151 166
 37 128 157 154
 37 128 161 298
 37 128 165 242
 37 128 175 146
 37 128 179 130
 37 128 183 158
 37 128 195 142
 37 128 199 202
 37 132 115 294
 37 132 123 218
 37 132 129 290
 37 132 131 182
 37 132 133 238
 37 132 139 298
 37 132 147 178
 37 132 149 250
 37 132 159 150
 37 132 169 142
 37 132 169 146
 37 132 171 194
 37 132 187 194
 37 132 191 134
 37 132 193 210
 37 132 203 122
 37 132 213 262
 37 136 105 266
 37 136 107 214
 37 136 111 206
 37 136 119 190
 37 136 121 242
 37 136 127 218
 37 136 133 186
 37 136 139 218
 37 136 141 154
 37 136 155 274
 37 136 159 146
 37 136 167 122
 37 136 183 178
 37 136 187 282
 37 136 195 138
 37 136 199 326
 37 136 203 222
 37 140 91 234
 37 140 101 226
 37 140 101 270
 37 140 123 166
 37 140 123 170
 37 140 127 226
 37 140 131 158
 37 140 137 210
 37 140 139 238
 37 140 143 170
 37 140 151 146
 37 140 159 134
 37 140 161 142
 37 140 163 274
 37 140 165 138
 37 140 165 286
 37 140 197 234
 37 140 203 174
 37 140 205 206
 37 144 83 210
 37 144 103 190
 37 144 119 194
 37 144 121 186
 37 144 125 166
 37 144 137 150
 37 144 139 134
 37 144 141 142
 37 144 171 350
 37 144 175 258
 37 144 179 234
 37 144 185 114
 37 144 225 262
 37 148 95 182
 37 148 101 286
 37 148 117 238
 37 148 127 166
 37 148 133 150
 37 148 139 178
 37 148 145 230
 37 148 147 126
 37 148 159 174
 37 148 163 118
 37 148 165 130
 37 148 165 266
 37 148 167 162
 37 148 173 230
 37 148 189 166
 37 148 209 254
 37 148 209 294
 37 148 219 146
 37 148 219 278
 37 152 111 190
 37 152 113 186
 37 152 121 154
 37 152 131 138
 37 152 137 130
 37 152 153 286
 37 152 157 222
 37 152 163 162
 37 152 171 202
 37 156 91 202
 37 156 111 238
 37 156 115 218
 37 156 135 170
 37 156 143 266
 37 156 173 178
 37 156 187 206
 37 160 113 178
 37 160 135 246
 37 160 141 282
 37 160 147 150
 37 160 153 162
 37 160 157 194
 37 160 157 342
 37 160 161 318
 37 160 181 98
 37 160 191 362
 37 160 203 210
 37 164 103 218
 37 164 109 170
 37 164 113 270
 37 164 117 174
 37 164 131 282
 37 164 139 130
 37 164 141 282
 37 164 153 98
 37 164 153 222
 37 164 163 230
 37 164 167 202
 37 164 185 274
 37 164 207 262
 37 164 255 214
 37 168 115 166
 37 168 133 274
 37 168 135 130
 37 168 181 194
 37 168 215 206
 37 168 239 202
 37 172 139 262
 37 172 217 210
 37 176 107 170
 37 176 175 182
 37 176 183 206
 37 180 109 218
 37 180 125 226
 37 180 135 194
 37 180 141 222
 37 180 143 206
 37 180 151 162
 37 180 213 322
 37 184 111 166
 37 192 203 178
 39 76 177 246
 39 80 149 258
 39 80 155 254
 39 80 175 334
 39 80 179 238
 39 84 127 266
 39 84 175 326
 39 84 213 294
 39 84 227 382
 39 88 155 362
 39 88 161 234
 39 88 169 246
 39 92 125 354
 39 92 139 278
 39 92 145 238
 39 92 147 234
 39 92 161 266
 39 92 163 230
 39 92 175 222
 39 92 187 198
 39 92 199 226
 39 96 147 238
 39 96 157 206
 39 96 161 206
 39 96 171 202
 39 96 179 242
 39 96 197 282
 39 96 209 266
 39 100 115 286
 39 100 125 238
 39 100 141 226
 39 100 145 226
 39 100 153 214
 39 100 159 286
 39 100 163 206
 39 100 165 210
 39 100 165 230
 39 100 167 198
 39 100 205 222
 39 104 103 246
 39 104 119 254
 39 104 131 234
 39 104 137 214
 39 104 163 198
 39 104 165 202
 39 104 171 190
 39 104 177 178
 39 104 201 266
 39 108 121 278
 39 108 125 226
 39 108 131 246
 39 108 131 294
 39 108 141 254
 39 108 149 174
 39 108 151 186
 39 108 155 310
 39 108 155 330
 39 108 157 186
 39 108 157 198
 39 108 169 158
 39 108 189 222
 39 108 195 194
 39 108 197 346
 39 112 101 278
 39 112 103 322
 39 112 125 202
 39 112 143 190
 39 112 143 242
 39 112 153 170
 39 112 163 186
 39 112 167 302
 39 112 191 194
 39 112 195 186
 39 112 211 242
 39 116 111 242
 39 116 117 250
 39 116 121 190
 39 116 135 302
 39 116 141 170
 39 116 141 286
 39 116 143 178
 39 116 151 194
 39 116 157 158
 39 116 179 154
 39 116 179 222
 39 120 95 250
 39 120 105 262
 39 120 111 234
 39 120 123 218
 39 120 123 234
 39 120 127 290
 39 120 137 274
 39 120 139 270
 39 120 141 166
 39 120 145 174
 39 120 149 218
 39 120 151 258
 39 120 153 150
 39 120 171 198
 39 120 171 278
 39 120 175 150
 39 120 177 254
 39 120 183 190
 39 120 203 186
 39 120 233 262
 39 124 101 254
 39 124 107 214
 39 124 117 170
 39 124 117 174
 39 124 125 306
 39 124 135 226
 39 124 135 258
 39 124 139 194
 39 124 143 270
 39 124 145 282
 39 124 147 158
 39 124 147 250
 39 124 151 222
 39 124 155 146
 39 124 159 306
 39 124 163 134
 39 124 169 270
 39 124 179 146
 39 124 189 254
 39 124 199 142
 39 124 199 318
 39 124 219 314
 39 124 229 290
 39 128 75 242
 39 128 105 234
 39 128 105 242
 39 128 109 206
 39 128 113 226
 39 128 121 198
 39 128 133 202
 39 128 135 318
 39 128 137 246
 39 128 139 178
 39 128 143 162
 39 128 145 162
 39 128 163 294
 39 128 173 126
 39 128 179 126
 39 128 179 138
 39 128 181 130
 39 128 183 202
 39 128 215 278
 39 132 109 174
 39 132 117 210
 39 132 131 230
 39 132 135 150
 39 132 141 266
 39 132 143 138
 39 132 143 170
 39 132 145 294
 39 132 147 218
 39 132 151 134
 39 132 161 278
 39 132 169 150
 39 132 171 134
 39 132 171 270
 39 132 171 314
 39 132 177 122
 39 132 177 190
 39 132 177 238
 39 132 187 290
 39 132 189 174
 39 136 93 258
 39 136 99 194
 39 136 111 174
 39 136 125 166
 39 136 125 254
 39 136 135 162
 39 136 135 218
 39 136 137 206
 39 136 143 222
 39 136 147 126
 39 136 155 122
 39 136 161 134
 39 136 165 118
 39 136 175 138
 39 136 195 246
 39 136 223 214
 39 140 115 150
 39 140 115 162
 39 140 127 222
 39 140 129 150
 39 140 135 162
 39 140 137 150
 39 140 139 146
 39 140 155 314
 39 140 157 134
 39 140 197 154
 39 144 129 238
 39 144 135 146
 39 144 141 206
 39 144 159 210
 39 144 167 102
 39 144 177 294
 39 148 111 238
 39 148 113 146
 39 148 115 226
 39 148 119 230
 39 148 123 354
 39 148 133 130
 39 148 133 178
 39 148 159 138
 39 148 165 130
 39 148 171 194
 39 148 175 118
 39 148 195 138
 39 148 197 362
 39 148 203 114
 39 148 215 214
 39 152 105 214
 39 152 113 210
 39 152 119 170
 39 152 119 210
 39 152 127 170
 39 152 129 250
 39 152 139 130
 39 152 155 102
 39 152 167 162
 39 152 167 206
 39 152 197 154
 39 152 219 222
 39 156 81 222
 39 156 89 202
 39 156 93 186
 39 156 149 114
 39 156 157 114
 39 156 175 226
 39 156 177 138
 39 156 177 290
 39 156 191 110
 39 156 197 182
 39 156 211 110
 39 160 107 250
 39 160 121 146
 39 160 129 114
 39 160 169 106
 39 160 189 138
 39 160 199 126
 39 164 199 222
 39 164 215 206
 39 168 101 214
 39 168 113 182
 39 168 193 250
 39 168 213 202
 39 172 105 238
 39 172 137 290
 39 172 147 110
 39 172 173 118
 39 176 97 170
 39 176 149 226
 39 176 177 90
 39 180 147 126
 39 184 93 258
 39 184 121 162
 39 188 195 86
 39 192 107 194
 41 72 173 266
 41 72 203 254
 41 76 145 278
 41 76 151 274
 41 76 153 234
 41 76 163 230
 41 76 169 382
 41 80 123 286
 41 80 131 242
 41 80 175 226
 41 80 179 250
 41 80 187 198
 41 84 143 230
 41 84 161 278
 41 84 163 214
 41 84 173 354
 41 88 137 222
 41 88 143 282
 41 88 151 246
 41 88 165 246
 41 88 167 198
 41 88 171 230
 41 88 175 206
 41 88 177 282
 41 88 189 190
 41 88 203 242
 41 88 209 190
 41 92 115 230
 41 92 121 290
 41 92 123 222
 41 92 129 254
 41 92 133 234
 41 92 141 270
 41 92 149 222
 41 92 151 214
 41 92 153 242
 41 92 163 214
 41 92 165 246
 41 92 177 306
 41 92 181 198
 41 92 185 226
 41 92 193 222
 41 92 217 198
 41 96 109 326
 41 96 115 274
 41 96 123 270
 41 96 139 210
 41 96 143 198
 41 96 143 202
 41 96 147 190
 41 96 147 214
 41 96 173 190
 41 96 189 274
 41 96 193 222
 41 96 205 218
 41 100 99 266
 41 100 113 226
 41 100 115 274
 41 100 127 270
 41 100 131 234
 41 100 133 226
 41 100 137 198
 41 100 137 294
 41 100 143 246
 41 100 151 266
 41 100 153 190
 41 100 161 210
 41 100 161 230
 41 100 173 182
 41 100 185 302
 41 104 127 210
 41 104 135 218
 41 104 135 286
 41 104 157 202
 41 104 181 170
 41 108 97 298
 41 108 121 266
 41 108 121 286
 41 108 123 218
 41 108 133 206
 41 108 135 182
 41 108 147 182
 41 108 147 198
 41 108 149 158
 41 108 149 278
 41 108 151 190
 41 108 155 230
 41 108 169 298
 41 108 185 154
 41 108 197 198
 41 112 115 250
 41 112 117 318
 41 112 119 238
 41 112 121 218
 41 112 125 302
 41 112 127 190
 41 112 141 190
 41 112 145 250
 41 112 153 150
 41 112 153 154
 41 112 155 278
 41 112 157 162
 41 112 167 294
 41 112 177 170
 41 112 185 150
 41 112 187 146
 41 112 203 142
 41 116 101 242
 41 116 117 194
 41 116 119 166
 41 116 123 270
 41 116 131 214
 41 116 133 250
 41 116 137 182
 41 116 139 174
 41 116 139 178
 41 116 171 146
 41 116 179 142
 41 116 205 194
 41 120 91 226
 41 120 93 198
 41 120 103 242
 41 120 107 310
 41 120 115 226
 41 120 117 194
 41 120 127 182
 41 120 131 170
 41 120 131 186
 41 120 135 194
 41 120 137 166
 41 120 141 174
 41 120 147 146
 41 120 149 150
 41 120 167 182
 41 120 171 162
 41 120 185 174
 41 120 199 294
 41 124 85 234
 41 124 87 306
 41 124 103 294
 41 124 105 238
 41 124 115 178
 41 124 115 286
 41 124 119 198
 41 124 129 206
 41 124 131 158
 41 124 131 162
 41 124 133 226
 41 124 137 246
 41 124 137 290
 41 124 141 158
 41 124 143 222
 41 124 143 238
 41 124 143 294
 41 124 145 166
 41 124 151 142
 41 124 151 154
 41 124 157 314
 41 124 169 162
 41 124 183 126
 41 124 205 314
 41 128 73 274
 41 128 79 278
 41 128 91 202
 41 128 97 206
 41 128 111 182
 41 128 113 214
 41 128 119 206
 41 128 125 174
 41 128 127 158
 41 128 129 294
 41 128 139 146
 41 128 143 142
 41 128 147 162
 41 128 153 130
 41 128 153 138
 41 128 155 158
 41 128 155 234
 41 128 161 146
 41 128 177 214
 41 128 189 122
 41 128 189 282
 41 128 191 274
 41 128 209 246
 41 132 101 190
 41 132 109 198
 41 132 109 266
 41 132 113 182
 41 132 119 190
 41 132 121 154
 41 132 131 134
 41 132 133 226
 41 132 133 254
 41 132 139 142
 41 132 139 154
 41 132 139 246
 41 132 141 142
 41 132 149 134
 41 132 157 126
 41 132 157 186
 41 132 163 266
 41 132 169 122
 41 132 191 114
 41 132 207 222
 41 136 91 178
 41 136 95 238
 41 136 113 158
 41 136 135 134
 41 136 141 130
 41 136 145 126
 41 136 147 130
 41 136 171 294
 41 136 179 146
 41 140 83 242
 41 140 119 214
 41 140 125 162
 41 140 129 190
 41 140 149 114
 41 140 169 270
 41 140 203 342
 41 140 205 262
 41 144 111 154
 41 144 117 178
 41 144 119 158
 41 144 151 134
 41 144 153 302
 41 144 155 110
 41 144 155 378
 41 144 167 282
 41 144 175 354
 41 144 201 238
 41 144 203 270
 41 148 77 258
 41 148 99 170
 41 148 103 242
 41 148 117 186
 41 148 127 222
 41 148 149 110
 41 148 161 98
 41 148 169 226
 41 152 97 158
 41 152 111 262
 41 152 115 158
 41 152 115 226
 41 152 143 110
 41 152 157 114
 41 152 167 234
 41 152 173 218
 41 156 127 122
 41 156 137 110
 41 156 145 122
 41 156 165 114
 41 156 169 118
 41 156 171 110
 41 156 177 130
 41 156 225 214
 41 160 85 194
 41 160 117 138
 41 160 163 306
 41 160 191 222
 41 160 225 210
 41 168 89 194
 41 168 131 266
 41 168 145 114
 41 168 185 206
 41 168 187 210
 41 172 99 222
 41 172 193 266
 41 180 135 134
 41 180 193 82
 41 184 213 206
 43 64 179 346
 43 64 185 326
 43 68 159 314
 43 72 149 254
 43 72 157 250
 43 72 191 254
 43 72 199 242
 43 72 205 242
 43 76 127 246
 43 76 127 262
 43 76 143 254
 43 76 171 346
 43 76 191 254
 43 76 193 222
 43 80 139 242
 43 80 151 214
 43 80 155 298
 43 80 157 210
 43 80 169 254
 43 80 171 222
 43 80 173 386
 43 80 177 210
 43 80 193 258
 43 80 195 214
 43 84 123 278
 43 84 139 302
 43 84 147 270
 43 84 149 230
 43 84 151 234
 43 84 153 222
 43 84 173 206
 43 84 183 218
 43 84 185 218
 43 84 199 350
 43 88 113 330
 43 88 117 242
 43 88 125 274
 43 88 125 278
 43 88 133 254
 43 88 139 198
 43 88 139 202
 43 88 159 186
 43 88 159 226
 43 88 163 186
 43 88 171 218
 43 92 105 346
 43 92 107 294
 43 92 111 294
 43 92 119 226
 43 92 131 210
 43 92 133 230
 43 92 151 206
 43 92 157 222
 43 92 161 218
 43 92 161 230
 43 92 199 182
 43 96 109 246
 43 96 115 290
 43 96 125 218
 43 96 139 178
 43 96 149 186
 43 96 159 274
 43 96 177 170
 43 96 177 302
 43 100 95 346
 43 100 111 242
 43 100 111 298
 43 100 123 222
 43 100 123 278
 43 100 129 210
 43 100 155 186
 43 100 161 178
 43 100 161 226
 43 100 167 178
 43 100 179 158
 43 100 179 170
 43 104 101 230
 43 104 117 262
 43 104 121 282
 43 104 125 190
 43 104 127 250
 43 104 139 182
 43 104 143 210
 43 104 155 166
 43 104 157 162
 43 104 179 154
 43 104 179 206
 43 104 193 198
 43 108 77 266
 43 108 93 282
 43 108 113 218
 43 108 121 194
 43 108 123 262
 43 108 129 166
 43 108 129 178
 43 108 133 262
 43 108 139 166
 43 108 145 242
 43 108 147 158
 43 108 147 302
 43 108 151 178
 43 108 153 218
 43 108 163 146
 43 108 171 154
 43 108 181 202
 43 112 89 282
 43 112 97 262
 43 112 99 226
 43 112 99 262
 43 112 111 198
 43 112 115 202
 43 112 117 198
 43 112 119 174
 43 112 125 206
 43 112 127 186
 43 112 133 178
 43 112 135 222
 43 112 141 218
 43 112 153 154
 43 112 153 238
 43 112 157 162
 43 112 167 134
 43 112 173 150
 43 112 177 202
 43 116 95 282
 43 116 101 234
 43 116 107 202
 43 116 111 178
 43 116 113 198
 43 116 115 306
 43 116 123 298
 43 116 133 158
 43 116 143 146
 43 116 147 190
 43 116 163 198
 43 116 169 130
 43 120 89 274
 43 120 105 186
 43 120 107 186
 43 120 113 178
 43 120 117 174
 43 120 123 158
 43 120 127 214
 43 120 133 150
 43 120 137 182
 43 120 143 146
 43 120 147 178
 43 120 163 122
 43 124 99 202
 43 124 107 186
 43 124 113 258
 43 124 117 206
 43 124 123 150
 43 124 143 142
 43 124 145 230
 43 124 161 130
 43 124 171 322
 43 124 177 130
 43 128 105 262
 43 128 115 166
 43 128 115 170
 43 128 119 146
 43 128 119 150
 43 128 125 302
 43 128 129 146
 43 128 133 238
 43 128 141 146
 43 128 143 134
 43 128 169 378
 43 128 183 250
 43 128 191 110
 43 128 195 230
 43 132 83 274
 43 132 117 166
 43 132 123 146
 43 132 123 238
 43 132 131 166
 43 132 151 322
 43 132 153 126
 43 132 161 130
 43 136 107 174
 43 136 139 138
 43 136 147 134
 43 136 163 222
 43 136 163 382
 43 136 177 122
 43 136 181 290
 43 140 83 218
 43 140 95 170
 43 140 105 174
 43 140 105 226
 43 140 127 142
 43 140 131 138
 43 140 145 126
 43 140 159 118
 43 140 163 122
 43 140 183 222
 43 144 103 174
 43 144 119 142
 43 144 121 170
 43 144 125 154
 43 144 137 114
 43 144 139 130
 43 144 149 122
 43 144 157 114
 43 144 161 114
 43 144 163 234
 43 144 169 230
 43 144 175 114
 43 144 227 138
 43 148 67 250
 43 148 93 266
 43 148 117 202
 43 148 127 146
 43 148 133 126
 43 148 133 130
 43 148 151 94
 43 148 153 114
 43 148 177 150
 43 152 77 234
 43 152 105 162
 43 152 109 186
 43 152 135 138
 43 152 137 178
 43 152 185 110
 43 156 77 226
 43 156 139 106
 43 156 143 226
 43 156 195 222
 43 160 139 126
 43 160 155 122
 43 160 189 202
 43 164 83 250
 43 164 121 130
 43 164 149 98
 43 164 167 82
 43 168 99 202
 43 168 127 122
 43 168 165 206
 43 168 205 214
 43 172 131 282
 43 176 161 218
 45 60 185 370
 45 64 155 334
 45 64 161 314
 45 68 163 258
 45 72 161 358
 45 72 175 230
 45 72 191 210
 45 76 129 254
 45 76 153 214
 45 76 175 242
 45 76 177 230
 45 80 121 262
 45 80 127 254
 45 80 137 258
 45 80 143 202
 45 80 155 186
 45 80 155 210
 45 80 159 238
 45 80 161 198
 45 80 163 342
 45 80 165 206
 45 84 105 262
 45 84 115 226
 45 84 133 218
 45 84 135 214
 45 84 135 222
 45 84 139 206
 45 84 139 214
 45 84 143 210
 45 84 149 210
 45 84 149 314
 45 84 153 350
 45 84 157 250
 45 84 171 198
 45 84 181 226
 45 84 183 214
 45 88 101 254
 45 88 109 278
 45 88 111 238
 45 88 121 234
 45 88 127 230
 45 88 143 246
 45 88 161 186
 45 88 167 178
 45 88 179 158
 45 88 179 182
 45 92 99 266
 45 92 99 298
 45 92 111 234
 45 92 115 206
 45 92 133 198
 45 92 141 190
 45 92 141 230
 45 92 185 238
 45 96 81 314
 45 96 97 330
 45 96 109 234
 45 96 111 242
 45 96 123 198
 45 96 127 274
 45 96 129 190
 45 96 139 246
 45 96 145 182
 45 96 149 206
 45 96 165 178
 45 96 173 170
 45 96 205 218
 45 100 99 278
 45 100 105 266
 45 100 107 254
 45 100 111 194
 45 100 125 354
 45 100 129 178
 45 100 147 210
 45 100 149 182
 45 100 161 174
 45 100 165 166
 45 100 167 214
 45 100 175 154
 45 100 183 202
 45 100 185 198
 45 104 89 330
 45 104 97 230
 45 104 105 194
 45 104 105 254
 45 104 109 282
 45 104 111 250
 45 104 115 194
 45 104 115 218
 45 104 127 182
 45 104 135 238
 45 104 145 170
 45 104 191 146
 45 108 83 290
 45 108 93 226
 45 108 109 274
 45 108 119 214
 45 108 125 206
 45 108 125 250
 45 108 135 166
 45 108 137 150
 45 108 141 162
 45 108 147 218
 45 108 153 146
 45 108 175 134
 45 108 177 146
 45 112 77 298
 45 112 91 254
 45 112 93 322
 45 112 101 270
 45 112 105 322
 45 112 111 210
 45 112 115 206
 45 112 123 190
 45 112 127 202
 45 112 127 226
 45 112 129 170
 45 112 133 182
 45 112 151 134
 45 112 155 142
 45 112 173 174
 45 116 89 254
 45 116 89 266
 45 116 101 210
 45 116 107 190
 45 116 111 206
 45 116 113 166
 45 116 117 162
 45 116 123 154
 45 116 123 230
 45 116 127 214
 45 116 133 146
 45 116 133 150
 45 116 135 210
 45 116 139 134
 45 116 141 198
 45 116 155 126
 45 116 155 130
 45 116 155 150
 45 120 77 306
 45 120 79 306
 45 120 85 254
 45 120 85 266
 45 120 93 190
 45 120 109 182
 45 120 121 142
 45 120 121 238
 45 120 129 202
 45 120 139 178
 45 120 147 142
 45 120 151 122
 45 120 155 110
 45 124 77 266
 45 124 81 258
 45 124 91 194
 45 124 95 174
 45 124 97 270
 45 124 105 170
 45 124 105 222
 45 124 115 158
 45 124 127 234
 45 124 143 130
 45 124 145 138
 45 124 151 126
 45 128 107 214
 45 128 117 154
 45 128 121 154
 45 128 135 138
 45 128 143 110
 45 128 157 134
 45 128 171 290
 45 128 187 222
 45 132 67 258
 45 132 83 238
 45 132 87 210
 45 132 89 206
 45 132 95 298
 45 132 101 162
 45 132 101 354
 45 132 123 138
 45 136 71 266
 45 136 91 298
 45 136 107 158
 45 136 117 202
 45 136 135 142
 45 136 167 122
 45 136 169 102
 45 136 169 106
 45 136 175 114
 45 136 193 270
 45 140 83 194
 45 140 85 266
 45 140 89 182
 45 140 101 158
 45 140 107 214
 45 140 119 182
 45 140 125 138
 45 140 131 134
 45 140 135 122
 45 140 141 126
 45 144 73 242
 45 144 81 250
 45 144 113 210
 45 144 123 142
 45 144 163 126
 45 144 213 214
 45 148 109 158
 45 148 111 146
 45 148 111 202
 45 148 141 138
 45 148 161 102
 45 152 77 186
 45 152 137 242
 45 152 149 126
 45 152 167 86
 45 156 69 226
 45 156 75 258
 45 156 89 158
 45 156 89 174
 45 156 125 134
 45 156 161 118
 45 156 209 134
 45 160 103 158
 45 160 137 110
 45 160 143 98
 45 160 155 106
 45 164 97 174
 45 164 203 174
 45 168 71 194
 45 172 101 170
 45 176 205 134
 45 180 115 142
 45 180 149 90
 45 180 169 94
 45 184 139 146
 45 188 107 154
 45 188 141 102
 47 60 157 334
 47 64 173 302
 47 64 187 258
 47 64 195 242
 47 68 155 222
 47 68 165 266
 47 72 105 278
 47 72 123 270
 47 72 143 270
 47 72 159 190
 47 72 167 218
 47 72 169 226
 47 72 179 190
 47 76 119 230
 47 76 137 226
 47 76 145 226
 47 76 151 206
 47 76 157 354
 47 76 161 230
 47 76 165 342
 47 76 187 214
 47 76 203 338
 47 80 97 270
 47 80 111 246
 47 80 115 234
 47 80 123 246
 47 80 129 222
 47 80 139 214
 47 80 143 190
 47 80 143 214
 47 80 167 198
 47 80 167 238
 47 80 173 198
 47 80 173 246
 47 80 175 202
 47 80 195 178
 47 80 205 246
 47 84 121 222
 47 84 129 230
 47 84 131 214
 47 84 141 206
 47 84 165 234
 47 84 177 186
 47 84 179 178
 47 88 101 254
 47 88 109 222
 47 88 115 198
 47 88 135 226
 47 88 141 190
 47 88 155 214
 47 88 159 178
 47 88 159 206
 47 92 91 262
 47 92 95 246
 47 92 109 250
 47 92 121 198
 47 92 149 194
 47 92 153 178
 47 92 153 194
 47 92 159 194
 47 92 165 150
 47 92 167 166
 47 96 87 338
 47 96 89 306
 47 96 93 246
 47 96 103 250
 47 96 105 202
 47 96 133 186
 47 96 145 178
 47 96 145 206
 47 96 153 182
 47 96 159 170
 47 96 161 174
 47 96 175 154
 47 96 213 218
 47 100 71 290
 47 100 83 298
 47 100 99 226
 47 100 115 302
 47 100 121 198
 47 100 123 206
 47 100 127 150
 47 100 135 234
 47 100 139 218
 47 104 85 222
 47 104 89 290
 47 104 93 314
 47 104 123 182
 47 104 125 238
 47 104 139 174
 47 104 153 178
 47 104 155 218
 47 104 159 194
 47 108 73 266
 47 108 75 238
 47 108 103 222
 47 108 125 154
 47 108 125 238
 47 108 131 198
 47 108 157 142
 47 108 185 138
 47 112 93 186
 47 112 93 218
 47 112 97 230
 47 112 113 186
 47 112 113 206
 47 112 115 306
 47 112 121 186
 47 112 123 170
 47 112 125 162
 47 112 131 142
 47 112 131 146
 47 112 131 154
 47 112 133 166
 47 112 137 146
 47 112 171 130
 47 116 91 230
 47 116 93 258
 47 116 101 182
 47 116 109 166
 47 116 121 150
 47 116 141 134
 47 116 237 270
 47 120 83 194
 47 120 91 186
 47 120 107 146
 47 120 111 202
 47 120 119 158
 47 120 123 230
 47 120 135 134
 47 120 139 202
 47 120 143 118
 47 120 167 146
 47 124 113 198
 47 124 123 170
 47 124 137 146
 47 124 137 150
 47 124 139 122
 47 124 149 154
 47 128 67 202
 47 128 79 222
 47 128 89 274
 47 128 107 218
 47 128 125 138
 47 128 131 118
 47 128 131 154
 47 128 139 118
 47 128 163 106
 47 128 185 134
 47 128 215 126
 47 132 65 290
 47 132 107 162
 47 132 111 150
 47 132 113 158
 47 132 113 210
 47 132 121 158
 47 132 129 122
 47 132 151 102
 47 132 157 106
 47 132 179 154
 47 136 63 266
 47 136 113 202
 47 136 115 142
 47 136 115 150
 47 136 117 186
 47 136 125 118
 47 136 135 154
 47 136 139 134
 47 140 127 130
 47 140 149 110
 47 140 187 90
 47 144 77 226
 47 144 87 266
 47 144 91 166
 47 144 117 154
 47 144 137 158
 47 144 171 150
 47 148 71 186
 47 148 95 162
 47 148 105 150
 47 148 117 138
 47 148 157 98
 47 152 69 274
 47 152 103 202
 47 152 135 102
 47 156 97 154
 47 156 107 134
 47 156 141 106
 47 160 89 190
 47 160 111 130
 47 160 121 118
 47 160 203 106
 47 164 87 198
 47 172 179 90
 47 176 79 206
 47 176 87 190
 47 176 203 86
 47 180 109 130
 47 184 163 134
 47 188 153 102
 47 188 203 126
 47 200 165 94
 49 60 153 326
 49 60 193 266
 49 64 147 294
 49 64 161 286
 49 64 171 274
 49 64 171 290
 49 68 123 286
 49 68 151 230
 49 68 155 210
 49 68 159 222
 49 68 175 210
 49 68 183 366
 49 72 113 270
 49 72 127 230
 49 72 131 246
 49 72 147 254
 49 72 151 198
 49 76 119 266
 49 76 121 262
 49 76 127 222
 49 76 137 258
 49 76 139 210
 49 76 139 254
 49 76 141 218
 49 76 151 198
 49 76 171 238
 49 76 173 270
 49 80 89 334
 49 80 117 226
 49 80 141 238
 49 80 145 210
 49 80 147 194
 49 80 155 202
 49 80 177 190
 49 80 193 238
 49 84 105 278
 49 84 109 218
 49 84 137 202
 49 84 143 194
 49 84 149 210
 49 84 153 218
 49 84 155 194
 49 84 157 162
 49 84 163 186
 49 84 163 198
 49 84 183 174
 49 88 91 294
 49 88 93 282
 49 88 95 274
 49 88 105 230
 49 88 113 206
 49 88 117 202
 49 88 127 210
 49 88 131 222
 49 88 135 218
 49 92 103 238
 49 92 103 282
 49 92 107 222
 49 92 107 230
 49 92 121 206
 49 92 121 214
 49 92 129 178
 49 92 131 174
 49 92 139 262
 49 92 143 222
 49 92 151 230
 49 92 163 178
 49 92 201 206
 49 96 71 310
 49 96 81 294
 49 96 89 290
 49 96 99 210
 49 96 101 206
 49 96 103 178
 49 96 107 234
 49 96 115 282
 49 96 119 182
 49 96 141 150
 49 96 145 182
 49 96 157 166
 49 96 161 198
 49 96 173 234
 49 96 211 158
 49 100 81 266
 49 100 87 238
 49 100 97 234
 49 100 97 242
 49 100 97 258
 49 100 103 242
 49 100 117 186
 49 100 121 182
 49 100 141 142
 49 100 149 138
 49 100 195 138
 49 104 73 274
 49 104 77 234
 49 104 89 238
 49 104 91 210
 49 104 95 286
 49 104 101 182
 49 104 109 234
 49 104 125 158
 49 104 131 142
 49 104 147 158
 49 104 149 154
 49 104 167 126
 49 108 97 266
 49 108 107 170
 49 108 107 174
 49 108 109 206
 49 108 111 150
 49 112 69 282
 49 112 77 218
 49 112 87 214
 49 112 87 226
 49 112 105 174
 49 112 115 194
 49 112 115 206
 49 112 117 150
 49 112 119 182
 49 112 123 130
 49 112 129 170
 49 112 151 118
 49 112 151 142
 49 112 159 138
 49 112 167 126
 49 116 69 246
 49 116 93 238
 49 116 103 218
 49 116 109 154
 49 116 133 134
 49 116 133 142
 49 116 139 146
 49 116 161 134
 49 120 91 226
 49 120 107 218
 49 120 149 106
 49 120 151 138
 49 124 81 202
 49 124 87 206
 49 124 101 166
 49 124 107 166
 49 124 109 150
 49 124 121 134
 49 124 127 142
 49 124 131 178
 49 124 137 158
 49 124 139 122
 49 124 161 150
 49 124 167 138
 49 128 87 174
 49 128 89 202
 49 128 107 138
 49 128 111 206
 49 128 113 154
 49 128 113 198
 49 128 137 162
 49 128 187 94
 49 132 67 282
 49 132 69 186
 49 132 71 266
 49 132 77 178
 49 132 91 170
 49 132 103 154
 49 132 127 114
 49 132 191 102
 49 136 61 298
 49 136 111 198
 49 136 125 126
 49 136 175 106
 49 140 77 170
 49 144 85 154
 49 144 99 158
 49 144 139 118
 49 144 145 102
 49 144 169 90
 49 148 75 178
 49 148 117 130
 49 148 123 122
 49 148 147 118
 49 152 115 130
 49 152 123 94
 49 156 115 126
 49 156 117 110
 49 156 153 118
 49 156 179 102
 49 160 67 282
 49 160 177 134
 49 164 163 82
 49 168 149 90
 49 168 185 86
 49 172 193 102
 49 176 61 234
 49 176 183 70
 51 56 163 302
 51 60 167 310
 51 64 133 310
 51 64 153 242
 51 64 155 222
 51 64 157 218
 51 64 161 234
 51 64 177 218
 51 68 115 246
 51 68 115 262
 51 68 117 258
 51 68 119 286
 51 68 133 254
 51 68 145 218
 51 68 159 290
 51 68 207 202
 51 72 97 294
 51 72 119 222
 51 72 123 242
 51 72 133 278
 51 72 153 226
 51 72 157 198
 51 72 159 234
 51 72 179 214
 51 72 181 270
 51 72 191 222
 51 72 197 186
 51 76 75 302
 51 76 91 318
 51 76 113 238
 51 76 121 226
 51 76 129 218
 51 76 129 254
 51 76 139 206
 51 76 143 186
 51 76 143 194
 51 76 149 210
 51 76 167 318
 51 76 171 178
 51 76 171 202
 51 76 181 254
 51 76 199 182
 51 80 93 274
 51 80 115 238
 51 80 121 214
 51 80 127 226
 51 80 129 206
 51 80 139 230
 51 80 149 206
 51 80 171 178
 51 80 179 194
 51 80 191 178
 51 84 93 230
 51 84 105 258
 51 84 119 182
 51 84 131 174
 51 84 133 206
 51 88 79 346
 51 88 103 226
 51 88 105 206
 51 88 107 182
 51 88 119 222
 51 88 123 178
 51 88 129 218
 51 88 135 166
 51 88 143 210
 51 88 151 178
 51 92 81 282
 51 92 85 310
 51 92 91 282
 51 92 93 278
 51 92 101 218
 51 92 101 234
 51 92 117 174
 51 92 139 190
 51 92 139 194
 51 92 151 162
 51 96 87 270
 51 96 89 246
 51 96 91 242
 51 96 93 214
 51 96 99 254
 51 96 115 166
 51 96 117 206
 51 96 137 158
 51 100 73 294
 51 100 113 234
 51 100 131 142
 51 100 137 146
 51 100 137 182
 51 100 147 158
 51 100 153 162
 51 100 161 134
 51 100 163 166
 51 104 63 250
 51 104 73 246
 51 104 79 242
 51 104 105 170
 51 104 111 218
 51 104 111 234
 51 104 129 126
 51 104 149 142
 51 104 151 174
 51 104 159 126
 51 108 93 194
 51 108 107 162
 51 108 121 166
 51 108 125 138
 51 108 153 134
 51 112 65 282
 51 112 71 274
 51 112 77 202
 51 112 77 214
 51 112 91 198
 51 112 101 178
 51 112 103 174
 51 112 109 162
 51 116 73 214
 51 116 79 202
 51 116 99 162
 51 116 101 178
 51 116 125 146
 51 116 125 150
 51 116 133 150
 51 116 137 134
 51 116 147 126
 51 116 169 106
 51 120 71 330
 51 120 103 170
 51 120 117 158
 51 120 129 150
 51 120 135 118
 51 120 137 126
 51 124 65 242
 51 124 67 234
 51 124 81 190
 51 124 87 186
 51 124 139 118
 51 124 149 110
 51 124 153 118
 51 124 177 102
 51 128 69 282
 51 128 79 182
 51 128 89 178
 51 128 93 142
 51 128 97 158
 51 128 121 146
 51 128 157 102
 51 132 109 146
 51 132 121 190
 51 132 125 126
 51 132 127 118
 51 132 201 126
 51 136 63 290
 51 136 65 194
 51 136 105 162
 51 136 119 150
 51 140 57 250
 51 140 75 178
 51 140 115 134
 51 140 119 158
 51 140 147 106
 51 144 67 242
 51 144 101 154
 51 144 113 122
 51 144 115 146
 51 144 125 134
 51 144 185 126
 51 148 89 142
 51 148 109 130
 51 148 111 118
 51 148 193 110
 51 152 103 158
 51 156 69 186
 51 156 151 94
 51 156 209 98
 51 160 61 234
 51 160 61 242
 51 160 97 134
 51 160 167 106
 51 164 121 118
 51 172 183 74
 51 176 175 110
 51 180 149 94
 51 180 163 98
 51 180 211 66
 51 188 119 118
 51 188 151 118
 53 56 145 322
 53 60 139 330
 53 60 147 274
 53 60 157 254
 53 64 117 294
 53 64 141 238
 53 64 145 274
 53 68 111 254
 53 68 117 254
 53 68 123 302
 53 68 141 250
 53 68 143 222
 53 68 163 214
 53 68 175 182
 53 68 183 258
 53 68 187 206
 53 72 89 302
 53 72 109 262
 53 72 113 254
 53 72 115 234
 53 72 125 218
 53 72 127 258
 53 72 135 222
 53 72 145 202
 53 72 145 214
 53 76 91 262
 53 76 97 238
 53 76 109 254
 53 76 121 214
 53 76 135 242
 53 76 153 194
 53 76 159 182
 53 80 77 286
 53 80 89 254
 53 80 113 222
 53 80 119 214
 53 80 121 206
 53 80 135 186
 53 80 139 206
 53 80 157 282
 53 80 163 178
 53 80 171 174
 53 84 87 242
 53 84 97 222
 53 84 105 242
 53 84 107 206
 53 84 131 170
 53 84 133 202
 53 84 141 198
 53 84 147 186
 53 84 167 178
 53 84 169 166
 53 88 103 218
 53 88 109 254
 53 88 115 218
 53 88 125 202
 53 88 127 182
 53 88 149 162
 53 88 167 162
 53 88 179 170
 53 92 87 270
 53 92 91 190
 53 92 91 266
 53 92 97 218
 53 92 115 174
 53 92 167 146
 53 96 83 242
 53 96 89 210
 53 96 89 290
 53 96 95 198
 53 96 101 286
 53 96 107 166
 53 96 119 214
 53 96 139 142
 53 96 143 142
 53 96 155 170
 53 96 155 178
 53 96 163 170
 53 96 175 146
 53 96 185 198
 53 100 75 258
 53 100 93 198
 53 100 101 258
 53 100 105 154
 53 100 107 202
 53 100 125 138
 53 100 125 166
 53 100 139 174
 53 100 159 142
 53 104 69 302
 53 104 79 198
 53 104 79 270
 53 104 83 226
 53 104 115 134
 53 104 125 194
 53 104 173 146
 53 108 65 234
 53 108 83 234
 53 108 93 186
 53 108 101 166
 53 108 103 210
 53 108 107 178
 53 108 137 130
 53 108 157 122
 53 108 163 130
 53 112 65 282
 53 112 71 210
 53 112 87 174
 53 112 101 170
 53 112 113 126
 53 112 117 138
 53 116 67 282
 53 116 73 246
 53 116 79 186
 53 116 97 170
 53 116 97 178
 53 116 99 162
 53 116 137 106
 53 116 153 126
 53 116 167 118
 53 120 91 166
 53 120 93 154
 53 120 135 110
 53 124 67 338
 53 124 71 194
 53 124 83 182
 53 124 87 170
 53 124 115 142
 53 124 121 130
 53 124 129 94
 53 124 131 122
 53 124 135 154
 53 124 145 106
 53 128 67 278
 53 128 101 154
 53 128 105 146
 53 128 111 162
 53 128 111 166
 53 128 129 106
 53 132 65 290
 53 132 79 170
 53 132 99 138
 53 132 99 154
 53 132 101 182
 53 132 103 162
 53 132 117 142
 53 132 125 118
 53 136 85 162
 53 136 103 158
 53 136 105 146
 53 136 105 198
 53 136 119 130
 53 140 63 246
 53 140 101 166
 53 140 109 126
 53 140 111 134
 53 140 127 110
 53 140 139 102
 53 144 65 202
 53 144 69 190
 53 148 73 178
 53 148 83 170
 53 148 101 130
 53 148 123 118
 53 148 143 102
 53 148 145 106
 53 148 203 126
 53 152 89 158
 53 152 129 114
 53 156 53 234
 53 156 105 134
 53 160 159 134
 53 160 189 130
 53 164 57 250
 53 164 73 174
 53 164 165 110
 53 164 179 98
 53 164 193 98
 53 172 153 70
 53 176 101 126
 53 176 171 86
 53 176 181 78
 53 184 157 110
 53 192 143 94
 55 56 163 318
 55 60 133 238
 55 60 145 270
 55 60 187 266
 55 64 87 310
 55 64 93 278
 55 64 129 270
 55 64 133 262
 55 64 147 242
 55 64 179 214
 55 68 117 238
 55 68 119 210
 55 68 125 246
 55 68 125 278
 55 68 133 210
 55 72 91 258
 55 72 95 294
 55 72 97 238
 55 72 103 294
 55 72 117 222
 55 72 153 202
 55 72 157 194
 55 76 81 270
 55 76 111 214
 55 76 129 194
 55 76 151 190
 55 76 169 206
 55 76 185 186
 55 76 203 186
 55 76 217 178
 55 80 85 278
 55 80 105 210
 55 80 107 194
 55 80 109 274
 55 80 113 194
 55 80 117 202
 55 80 125 210
 55 80 137 242
 55 80 141 182
 55 80 153 166
 55 80 205 170
 55 84 95 222
 55 84 101 226
 55 84 113 206
 55 84 123 190
 55 84 131 166
 55 88 107 210
 55 88 203 154
 55 92 73 250
 55 92 85 258
 55 92 89 226
 55 92 101 210
 55 92 103 190
 55 92 105 210
 55 92 117 166
 55 92 127 174
 55 92 129 146
 55 92 181 154
 55 96 73 294
 55 96 81 234
 55 96 99 290
 55 96 119 154
 55 96 135 158
 55 96 141 150
 55 96 149 162
 55 96 151 126
 55 96 151 154
 55 100 73 246
 55 100 83 242
 55 100 93 182
 55 100 95 190
 55 100 99 178
 55 100 151 130
 55 100 161 170
 55 104 75 222
 55 104 85 222
 55 104 87 238
 55 104 89 194
 55 104 93 258
 55 104 101 158
 55 104 103 158
 55 104 125 194
 55 108 71 194
 55 108 89 182
 55 108 89 186
 55 108 93 186
 55 108 97 182
 55 108 99 214
 55 108 107 146
 55 108 109 138
 55 108 121 130
 55 108 123 134
 55 108 127 166
 55 112 61 242
 55 112 67 274
 55 112 73 246
 55 112 73 290
 55 112 95 214
 55 112 97 162
 55 112 103 150
 55 112 125 130
 55 112 125 158
 55 112 167 122
 55 116 61 290
 55 116 63 246
 55 116 67 218
 55 116 69 214
 55 116 75 202
 55 116 89 174
 55 116 99 170
 55 116 107 138
 55 116 107 142
 55 116 119 198
 55 116 147 142
 55 116 159 102
 55 120 65 238
 55 120 73 202
 55 120 85 194
 55 120 91 234
 55 120 95 142
 55 120 115 130
 55 120 117 118
 55 120 123 110
 55 124 79 198
 55 124 81 174
 55 124 83 166
 55 124 87 190
 55 124 89 170
 55 124 103 206
 55 124 117 138
 55 124 119 122
 55 128 65 282
 55 128 71 254
 55 128 87 162
 55 128 109 126
 55 128 125 130
 55 128 157 90
 55 132 61 210
 55 132 87 154
 55 132 93 170
 55 132 95 166
 55 132 103 134
 55 132 107 206
 55 136 61 218
 55 136 71 210
 55 136 73 218
 55 140 79 162
 55 144 59 254
 55 144 73 234
 55 144 87 150
 55 144 91 134
 55 144 103 122
 55 144 119 106
 55 148 113 122
 55 148 119 110
 55 148 153 98
 55 148 153 126
 55 148 181 110
 55 148 193 98
 55 148 199 94
 55 152 95 130
 55 152 125 110
 55 152 139 118
 55 156 57 290
 55 156 107 102
 55 160 101 118
 55 160 159 102
 55 160 169 94
 55 160 191 86
 55 164 59 242
 55 164 65 234
 55 168 147 102
 55 168 157 94
 55 172 65 210
 55 176 135 78
 55 180 153 106
 55 180 163 70
 55 180 173 62
 57 52 147 318
 57 52 161 314
 57 56 133 362
 57 56 143 306
 57 56 145 274
 57 56 161 314
 57 56 181 286
 57 60 123 350
 57 60 127 370
 57 60 147 222
 57 60 155 266
 57 60 167 254
 57 60 169 198
 57 64 101 270
 57 64 109 238
 57 64 147 218
 57 68 103 246
 57 68 107 258
 57 68 109 262
 57 68 131 198
 57 68 133 198
 57 68 173 198
 57 68 185 186
 57 68 213 178
 57 72 85 254
 57 72 103 214
 57 72 105 218
 57 72 121 206
 57 72 127 210
 57 72 141 190
 57 72 149 186
 57 72 161 190
 57 72 195 174
 57 76 89 222
 57 76 103 246
 57 76 109 202
 57 76 143 186
 57 76 153 182
 57 76 187 190
 57 76 207 170
 57 80 103 230
 57 80 107 194
 57 80 127 190
 57 80 135 174
 57 80 161 158
 57 84 83 262
 57 84 91 218
 57 84 95 270
 57 84 151 154
 57 88 79 278
 57 88 105 170
 57 88 115 162
 57 88 119 222
 57 88 135 158
 57 88 171 142
 57 92 79 226
 57 92 87 210
 57 92 95 178
 57 92 111 166
 57 92 137 154
 57 92 153 162
 57 92 171 158
 57 92 213 146
 57 96 67 270
 57 96 77 246
 57 96 77 258
 57 96 83 230
 57 96 87 202
 57 96 89 202
 57 96 93 198
 57 96 99 194
 57 96 121 178
 57 96 147 134
 57 100 69 334
 57 100 71 266
 57 100 83 218
 57 100 89 262
 57 100 103 146
 57 100 135 134
 57 100 179 122
 57 104 59 334
 57 104 69 194
 57 104 71 266
 57 104 75 198
 57 104 85 190
 57 104 97 154
 57 104 101 166
 57 104 107 170
 57 104 109 150
 57 108 55 266
 57 108 69 274
 57 108 73 206
 57 108 93 206
 57 108 95 158
 57 108 101 150
 57 108 103 150
 57 108 113 134
 57 112 69 254
 57 112 79 174
 57 112 85 158
 57 112 89 206
 57 112 95 182
 57 112 131 150
 57 116 65 238
 57 116 69 218
 57 116 85 162
 57 116 93 170
 57 116 97 218
 57 116 101 150
 57 116 109 126
 57 116 135 118
 57 116 155 98
 57 120 83 178
 57 120 83 202
 57 120 85 182
 57 120 95 130
 57 120 127 122
 57 124 61 190
 57 124 127 114
 57 124 185 106
 57 128 61 310
 57 128 73 218
 57 128 77 170
 57 128 79 150
 57 128 83 178
 57 128 117 118
 57 128 117 122
 57 128 121 110
 57 132 111 98
 57 136 55 258
 57 136 69 286
 57 136 83 174
 57 136 187 134
 57 140 85 142
 57 144 59 226
 57 144 65 174
 57 144 71 178
 57 144 71 226
 57 144 115 98
 57 144 155 106
 57 144 201 106
 57 148 75 150
 57 148 101 114
 57 148 149 102
 57 148 161 90
 57 148 171 82
 57 152 95 126
 57 152 101 110
 57 152 127 118
 57 152 201 166
 57 156 59 282
 57 156 69 170
 57 156 77 174
 57 156 81 142
 57 156 119 126
 57 160 57 226
 57 164 151 114
 57 172 139 102
 57 176 89 170
 57 176 153 86
 57 184 155 70
 59 48 149 326
 59 48 151 302
 59 52 137 302
 59 52 147 346
 59 56 109 350
 59 56 127 290
 59 56 131 310
 59 56 143 222
 59 60 99 338
 59 60 103 358
 59 60 107 286
 59 60 133 226
 59 60 137 262
 59 60 153 246
 59 60 187 310
 59 64 107 222
 59 64 113 262
 59 64 145 198
 59 68 79 270
 59 68 105 238
 59 68 111 246
 59 68 141 254
 59 68 145 186
 59 68 147 242
 59 72 81 266
 59 72 121 186
 59 72 127 174
 59 72 193 206
 59 76 75 302
 59 76 81 290
 59 76 93 234
 59 76 113 266
 59 76 163 174
 59 80 73 230
 59 80 83 246
 59 80 97 190
 59 80 119 182
 59 80 153 166
 59 84 85 282
 59 84 95 274
 59 84 97 214
 59 84 105 206
 59 84 105 218
 59 88 63 290
 59 88 73 274
 59 88 87 182
 59 88 97 186
 59 88 115 182
 59 88 119 242
 59 88 143 154
 59 92 83 242
 59 92 83 266
 59 92 95 250
 59 92 97 222
 59 92 101 202
 59 92 125 162
 59 92 147 154
 59 92 161 170
 59 96 75 226
 59 96 75 290
 59 96 87 194
 59 96 89 190
 59 96 97 198
 59 96 105 154
 59 96 109 166
 59 96 111 162
 59 96 115 166
 59 96 121 130
 59 96 125 150
 59 100 75 254
 59 100 83 210
 59 100 95 166
 59 100 121 138
 59 100 131 126
 59 100 137 146
 59 104 61 326
 59 104 65 254
 59 104 89 162
 59 104 105 146
 59 108 57 258
 59 108 79 198
 59 108 157 118
 59 112 63 234
 59 112 85 182
 59 112 93 150
 59 112 99 146
 59 112 111 134
 59 116 71 210
 59 116 75 226
 59 116 83 154
 59 116 97 134
 59 116 109 122
 59 116 117 118
 59 116 125 118
 59 120 55 270
 59 120 65 226
 59 120 85 186
 59 124 67 290
 59 124 71 150
 59 124 73 226
 59 124 119 118
 59 124 121 134
 59 128 61 242
 59 128 99 122
 59 128 107 126
 59 128 113 102
 59 132 67 198
 59 132 81 162
 59 132 163 102
 59 136 87 138
 59 136 179 118
 59 140 51 266
 59 140 63 234
 59 140 71 178
 59 140 81 146
 59 144 67 150
 59 148 55 234
 59 148 95 126
 59 148 141 78
 59 148 143 94
 59 148 161 82
 59 152 89 134
 59 156 83 118
 59 156 183 86
 59 160 77 134
 59 160 165 118
 59 160 171 78
 59 160 181 70
 59 164 93 130
 59 172 169 90
 59 176 137 78
 61 48 133 346
 61 52 135 274
 61 52 177 318
 61 56 139 278
 61 60 87 318
 61 60 99 254
 61 60 115 278
 61 60 125 278
 61 60 149 250
 61 60 161 338
 61 64 133 198
 61 64 135 202
 61 64 147 218
 61 68 91 266
 61 68 103 202
 61 68 115 226
 61 68 117 198
 61 68 129 230
 61 68 151 182
 61 72 81 282
 61 72 87 242
 61 72 89 246
 61 72 95 298
 61 72 101 222
 61 72 133 174
 61 76 95 206
 61 80 81 214
 61 80 85 230
 61 80 87 274
 61 80 91 218
 61 80 133 166
 61 80 155 162
 61 80 199 158
 61 84 81 266
 61 84 87 274
 61 84 103 174
 61 84 119 162
 61 84 119 178
 61 84 173 158
 61 88 75 222
 61 88 75 262
 61 88 85 198
 61 88 85 238
 61 88 101 194
 61 88 133 158
 61 92 67 278
 61 92 73 266
 61 92 101 178
 61 92 161 138
 61 96 71 322
 61 96 77 198
 61 96 79 222
 61 96 87 170
 61 96 89 186
 61 100 67 246
 61 100 67 270
 61 100 97 150
 61 104 81 210
 61 104 101 142
 61 104 105 130
 61 104 113 138
 61 104 121 142
 61 104 123 126
 61 108 59 318
 61 108 65 306
 61 108 67 210
 61 108 75 174
 61 108 79 190
 61 108 85 178
 61 108 91 146
 61 108 105 146
 61 108 117 134
 61 108 131 122
 61 112 65 230
 61 112 83 170
 61 112 89 150
 61 112 91 154
 61 112 97 138
 61 112 109 110
 61 116 59 242
 61 116 93 150
 61 116 107 198
 61 116 133 110
 61 120 57 262
 61 120 61 230
 61 120 87 186
 61 120 91 142
 61 120 107 114
 61 120 125 126
 61 124 101 126
 61 124 107 118
 61 128 61 322
 61 128 63 230
 61 128 71 234
 61 132 51 322
 61 132 71 226
 61 132 89 142
 61 136 53 210
 61 136 59 238
 61 136 63 206
 61 136 89 142
 61 140 89 170
 61 144 63 266
 61 148 59 210
 61 148 85 162
 61 148 105 110
 61 152 73 150
 61 152 91 130
 61 152 141 126
 61 156 57 306
 61 156 67 198
 61 156 151 78
 61 156 161 70
 61 176 145 110
 61 180 125 110
 61 180 133 106
 63 52 119 334
 63 52 141 286
 63 52 145 242
 63 52 163 278
 63 56 101 342
 63 56 113 306
 63 56 125 298
 63 56 165 190
 63 56 171 274
 63 56 185 190
 63 56 195 246
 63 56 221 230
 63 60 123 262
 63 60 125 198
 63 60 135 286
 63 64 91 278
 63 64 97 262
 63 64 125 186
 63 64 149 190
 63 64 169 194
 63 68 71 282
 63 72 73 258
 63 72 83 310
 63 72 87 254
 63 72 95 254
 63 76 75 230
 63 76 109 194
 63 76 113 186
 63 76 117 214
 63 76 195 178
 63 80 73 310
 63 80 121 182
 63 80 155 142
 63 84 65 254
 63 84 83 242
 63 84 111 174
 63 84 121 162
 63 84 129 150
 63 84 131 154
 63 88 69 230
 63 88 93 190
 63 88 99 190
 63 88 123 158
 63 92 63 290
 63 92 85 222
 63 92 91 182
 63 92 93 170
 63 92 93 206
 63 92 119 146
 63 92 121 202
 63 92 125 214
 63 92 147 142
 63 96 65 318
 63 96 69 274
 63 96 79 214
 63 96 83 182
 63 96 123 162
 63 96 125 150
 63 100 61 326
 63 100 63 270
 63 100 67 198
 63 100 81 178
 63 100 97 170
 63 104 61 238
 63 104 85 166
 63 104 103 134
 63 104 159 122
 63 108 55 298
 63 108 61 310
 63 108 83 230
 63 108 97 146
 63 108 99 142
 63 112 53 282
 63 112 61 250
 63 112 85 150
 63 112 101 166
 63 116 73 150
 63 116 101 130
 63 120 57 238
 63 120 63 198
 63 120 63 222
 63 124 81 178
 63 124 89 138
 63 124 101 118
 63 128 77 174
 63 128 89 118
 63 128 89 174
 63 132 53 314
 63 132 83 134
 63 132 87 142
 63 136 83 138
 63 140 67 182
 63 140 139 98
 63 144 57 182
 63 144 145 134
 63 148 63 178
 63 148 99 106
 63 160 159 110
 63 180 149 86
 63 180 159 78
 65 48 131 306
 65 48 157 282
 65 52 105 322
 65 52 127 286
 65 52 127 306
 65 56 99 310
 65 56 121 282
 65 56 143 214
 65 56 153 266
 65 60 115 262
 65 60 123 250
 65 60 123 258
 65 60 165 302
 65 64 83 310
 65 64 89 294
 65 64 91 214
 65 64 123 202
 65 68 85 246
 65 68 113 174
 65 68 113 202
 65 68 137 178
 65 68 143 174
 65 72 79 254
 65 72 93 242
 65 72 117 202
 65 76 73 242
 65 76 99 198
 65 76 103 222
 65 76 105 194
 65 76 111 182
 65 76 195 166
 65 80 69 294
 65 80 109 266
 65 80 129 174
 65 80 131 170
 65 84 73 278
 65 84 81 222
 65 84 93 202
 65 84 153 162
 65 88 61 286
 65 88 63 278
 65 88 87 222
 65 88 101 170
 65 88 111 150
 65 88 113 166
 65 88 117 138
 65 88 147 162
 65 92 81 302
 65 92 101 174
 65 92 115 182
 65 96 109 138
 65 96 111 158
 65 96 141 158
 65 100 81 186
 65 100 81 202
 65 100 95 162
 65 104 53 294
 65 104 79 174
 65 104 105 146
 65 104 113 146
 65 104 125 130
 65 104 125 134
 65 108 65 230
 65 108 71 234
 65 108 93 150
 65 108 95 138
 65 112 63 210
 65 112 65 226
 65 112 87 134
 65 112 91 146
 65 116 55 234
 65 116 61 290
 65 116 63 202
 65 116 67 250
 65 120 83 134
 65 120 85 142
 65 120 111 110
 65 124 83 134
 65 124 103 102
 65 136 67 186
 65 136 121 98
 65 136 169 78
 65 140 63 182
 65 140 93 118
 65 144 61 306
 65 156 53 218
 65 160 143 110
 65 168 51 226
 65 172 179 74
 65 176 143 118
 67 44 145 330
 67 48 157 266
 67 52 127 322
 67 52 139 258
 67 56 111 294
 67 56 113 298
 67 56 151 210
 67 60 85 310
 67 60 99 246
 67 60 117 238
 67 60 123 222
 67 60 139 194
 67 60 143 206
 67 64 89 262
 67 64 133 190
 67 64 165 182
 67 68 99 238
 67 68 101 262
 67 68 121 198
 67 72 97 206
 67 72 101 202
 67 72 101 218
 67 72 141 166
 67 76 101 182
 67 76 119 166
 67 80 143 158
 67 84 63 306
 67 84 93 194
 67 88 53 306
 67 88 73 242
 67 88 81 198
 67 88 91 206
 67 92 57 294
 67 92 105 178
 67 92 133 142
 67 96 63 270
 67 96 81 194
 67 96 85 158
 67 96 95 150
 67 100 65 246
 67 100 67 258
 67 100 69 234
 67 100 77 214
 67 100 89 170
 67 100 101 158
 67 100 117 134
 67 104 59 282
 67 104 61 222
 67 104 91 154
 67 104 97 146
 67 108 49 302
 67 108 109 126
 67 112 65 190
 67 112 75 174
 67 112 83 166
 67 112 89 146
 67 112 105 134
 67 116 63 230
 67 116 105 126
 67 120 67 182
 67 120 91 126
 67 124 49 262
 67 132 67 242
 67 136 55 234
 67 136 59 154
 67 140 87 134
 67 140 167 94
 67 144 81 138
 67 148 75 122
 67 148 75 158
 67 152 69 138
 67 152 73 146
 67 172 117 94
 69 44 185 318
 69 48 133 266
 69 48 151 258
 69 52 101 306
 69 52 111 266
 69 52 119 278
 69 52 123 266
 69 52 141 250
 69 52 239 250
 69 56 83 314
 69 56 105 286
 69 56 115 258
 69 56 119 246
 69 56 119 282
 69 56 123 290
 69 56 129 238
 69 60 91 270
 69 60 105 222
 69 60 125 190
 69 60 127 282
 69 60 139 198
 69 64 85 278
 69 64 97 238
 69 64 105 226
 69 64 113 206
 69 64 115 218
 69 64 123 194
 69 64 127 182
 69 64 133 250
 69 68 75 278
 69 68 109 226
 69 68 155 170
 69 72 91 222
 69 72 117 198
 69 72 171 326
 69 72 221 282
 69 76 97 178
 69 76 97 286
 69 76 109 174
 69 76 195 158
 69 80 119 170
 69 80 135 162
 69 84 81 202
 69 84 91 194
 69 84 99 202
 69 84 105 202
 69 84 117 174
 69 84 153 158
 69 88 55 298
 69 88 63 254
 69 88 79 198
 69 88 89 258
 69 92 59 286
 69 92 71 218
 69 92 83 202
 69 92 101 178
 69 92 105 166
 69 96 91 174
 69 96 93 154
 69 100 59 270
 69 100 63 274
 69 104 95 142
 69 108 101 134
 69 108 103 130
 69 108 109 122
 69 112 81 154
 69 116 53 274
 69 116 111 110
 69 120 53 270
 69 120 73 158
 69 120 103 126
 69 120 139 102
 69 124 97 122
 69 128 81 146
 69 128 93 114
 69 132 67 162
 69 136 75 186
 69 140 97 114
 69 144 65 154
 69 144 83 130
 69 144 101 106
 69 148 77 146
 69 156 147 86
 69 160 45 210
 71 48 103 314
 71 52 101 334
 71 52 121 254
 71 52 135 238
 71 56 87 314
 71 56 93 254
 71 56 93 302
 71 56 103 242
 71 56 125 262
 71 56 135 210
 71 56 135 262
 71 60 93 314
 71 60 123 242
 71 64 69 270
 71 64 79 258
 71 64 83 290
 71 64 115 182
 71 64 117 214
 71 68 77 270
 71 72 77 242
 71 72 115 190
 71 72 243 298
 71 76 79 226
 71 76 91 210
 71 80 59 286
 71 84 63 278
 71 84 103 170
 71 84 109 154
 71 84 111 170
 71 84 115 166
 71 84 119 146
 71 84 119 166
 71 88 59 262
 71 88 75 222
 71 88 127 158
 71 92 85 190
 71 92 103 146
 71 92 107 166
 71 96 67 246
 71 96 75 190
 71 100 61 254
 71 104 65 234
 71 104 67 162
 71 104 77 154
 71 104 97 146
 71 108 139 122
 71 112 83 150
 71 112 105 126
 71 116 45 294
 71 116 65 218
 71 116 93 122
 71 116 103 118
 71 120 57 178
 71 120 75 150
 71 124 87 130
 71 124 123 98
 71 128 173 94
 71 136 41 290
 71 136 53 258
 71 140 59 186
 71 148 167 82
 71 168 117 94
 73 44 115 286
 73 48 119 338
 73 52 101 286
 73 52 147 234
 73 52 167 202
 73 52 191 346
 73 52 213 314
 73 56 93 266
 73 56 141 290
 73 56 205 266
 73 60 131 214
 73 60 193 362
 73 60 201 314
 73 64 131 198
 73 64 195 282
 73 64 221 258
 73 64 237 254
 73 68 107 254
 73 68 133 170
 73 68 207 242
 73 72 83 242
 73 72 85 230
 73 72 105 198
 73 72 111 186
 73 72 123 182
 73 72 179 314
 73 72 209 162
 73 76 105 174
 73 76 115 166
 73 76 139 162
 73 80 117 174
 73 84 53 270
 73 84 75 210
 73 84 87 222
 73 84 95 186
 73 88 73 222
 73 88 111 186
 73 88 137 150
 73 92 73 194
 73 96 63 214
 73 96 73 214
 73 96 77 258
 73 96 85 182
 73 100 55 234
 73 100 79 194
 73 100 87 146
 73 104 61 234
 73 108 59 202
 73 108 63 210
 73 112 67 198
 73 112 77 146
 73 116 47 286
 73 116 97 130
 73 124 49 218
 73 124 143 98
 73 128 141 94
 73 132 81 142
 73 136 71 186
 73 148 77 138
 73 148 131 86
 75 48 131 298
 75 48 131 306
 75 48 141 270
 75 48 185 298
 75 52 95 274
 75 52 121 278
 75 52 163 222
 75 52 181 306
 75 56 93 294
 75 56 127 198
 75 56 211 306
 75 60 97 266
 75 64 117 206
 75 64 123 198
 75 64 217 278
 75 68 93 206
 75 68 119 190
 75 68 193 290
 75 68 233 282
 75 72 101 206
 75 76 61 238
 75 76 69 222
 75 76 71 230
 75 76 87 214
 75 76 151 154
 75 76 201 266
 75 80 65 298
 75 80 85 226
 75 80 89 210
 75 80 127 150
 75 84 95 198
 75 84 149 134
 75 88 73 198
 75 88 85 190
 75 88 113 154
 75 92 51 254
 75 92 91 158
 75 92 101 150
 75 96 71 194
 75 100 71 246
 75 100 81 162
 75 100 85 150
 75 100 89 166
 75 104 159 106
 75 108 87 142
 75 108 87 150
 75 108 97 130
 75 112 61 210
 75 112 83 146
 75 116 65 206
 75 116 79 150
 75 132 61 174
 75 132 123 98
 75 140 77 146
 75 140 149 90
 75 164 109 98
 75 168 77 142
 77 44 125 350
 77 44 149 310
 77 44 239 298
 77 48 107 246
 77 48 217 306
 77 52 191 302
 77 52 211 274
 77 56 83 262
 77 56 127 278
 77 60 121 214
 77 60 123 210
 77 60 175 270
 77 68 71 254
 77 68 91 254
 77 68 185 266
 77 72 69 266
 77 76 173 290
 77 80 95 190
 77 80 103 174
 77 80 113 170
 77 84 67 230
 77 84 79 206
 77 84 97 170
 77 88 99 166
 77 88 111 142
 77 92 123 138
 77 96 57 270
 77 96 75 182
 77 100 173 122
 77 104 83 150
 77 108 53 234
 77 108 69 150
 77 108 93 138
 77 112 45 258
 77 116 91 142
 77 116 99 118
 77 120 85 118
 77 120 95 118
 77 124 59 166
 77 124 67 150
 77 136 75 134
 77 148 63 158
 79 44 209 334
 79 48 125 246
 79 48 181 278
 79 52 113 294
 79 52 125 282
 79 52 133 230
 79 52 197 322
 79 56 93 282
 79 56 113 238
 79 56 127 238
 79 56 141 206
 79 56 185 278
 79 60 121 242
 79 64 109 202
 79 64 119 210
 79 68 111 194
 79 72 99 194
 79 72 125 166
 79 72 139 166
 79 72 201 246
 79 72 205 290
 79 80 99 170
 79 80 107 162
 79 80 115 166
 79 84 83 206
 79 88 111 154
 79 88 123 150
 79 88 163 138
 79 92 65 222
 79 96 73 198
 79 96 107 130
 79 100 65 202
 79 100 79 174
 79 100 87 166
 79 116 79 134
 79 116 83 142
 79 120 63 158
 79 132 79 126
 79 144 67 138
 79 144 155 90
 81 48 235 286
 81 52 113 234
 81 52 119 270
 81 52 205 294
 81 52 219 270
 81 52 225 278
 81 56 117 290
 81 56 127 254
 81 60 231 262
 81 64 233 258
 81 68 193 306
 81 72 87 210
 81 72 249 238
 81 76 85 218
 81 80 63 226
 81 84 81 206
 81 88 105 162
 81 92 79 194
 81 92 87 178
 81 92 169 134
 81 96 53 242
 81 96 71 178
 81 96 93 146
 81 100 99 146
 81 104 83 150
 81 104 137 122
 81 112 149 106
 81 116 63 198
 81 128 43 294
 81 128 73 142
 81 136 161 90
 83 40 201 290
 83 40 239 262
 83 48 199 314
 83 48 241 254
 83 52 99 242
 83 52 123 226
 83 56 107 258
 83 60 75 258
 83 60 123 202
 83 60 225 250
 83 64 89 254
 83 68 155 166
 83 96 57 214
 83 104 49 278
 83 112 85 134
 83 116 61 198
 83 116 77 154
 83 120 83 142
 83 136 49 210
 83 136 109 106
 85 44 205 282
 85 56 125 226
 85 56 133 202
 85 60 193 290
 85 64 207 254
 85 64 225 246
 85 84 93 174
 85 84 101 158
 85 84 117 158
 85 88 75 202
 85 92 107 146
 85 92 113 142
 85 100 85 158
 85 104 49 226
 85 116 99 130
 85 140 59 278
 85 164 41 262
 85 172 57 262
 87 44 239 282
 87 48 225 270
 87 52 201 318
 87 56 183 322
 87 56 193 306
 87 56 217 250
 87 60 205 302
 87 64 129 190
 87 64 173 282
 87 64 249 298
 87 80 105 166
 87 84 79 226
 87 100 57 210
 87 100 73 166
 87 104 101 146
 87 116 47 226
 87 116 63 182
 87 116 95 134
 87 124 135 90
 87 128 75 282
 87 144 125 82
 87 156 35 318
 89 48 203 302
 89 64 91 258
 89 88 137 146
 89 108 79 158
 89 112 63 186
 89 116 49 218
 89 116 77 134
 89 124 43 262
 89 128 117 94
 89 144 53 254
 91 36 199 314
 91 36 219 298
 91 52 149 194
 91 52 211 290
 91 60 181 314
 91 124 45 254
 93 60 121 230
 93 60 225 262
 93 104 89 150
 93 124 49 222
 93 140 43 278
 93 156 43 254
 95 56 253 274
 97 160 31 286
