1678
97 160 31 286 
55 180 173 62 
91 140 35 294 
51 172 183 74 
59 160 181 70 
49 176 183 70 
51 168 197 78 
61 156 161 70 
85 40 187 254 
75 40 175 330 
83 40 239 262 
89 148 33 262 
89 144 39 222 
93 124 41 242 
81 184 39 238 
53 156 209 74 
57 148 171 82 
51 172 133 106 
49 184 177 78 
51 180 211 66 
65 136 169 78 
41 180 197 86 
51 180 165 78 
55 152 171 78 
69 152 171 70 
53 172 153 70 
47 160 159 82 
63 188 145 70 
73 180 167 66 
69 152 139 90 
69 172 181 66 
51 188 179 70 
25 196 165 226 
25 180 175 242 
23 184 163 294 
29 160 155 290 
39 176 117 270 
27 160 227 234 
29 140 163 306 
27 164 191 246 
35 136 139 294 
33 148 149 234 
27 160 183 266 
31 144 191 218 
29 148 179 282 
41 176 131 214 
25 148 183 342 
23 160 187 326 
27 164 165 306 
25 172 165 302 
27 168 173 254 
71 52 183 250 
65 64 193 234 
79 44 161 270 
79 44 179 258 
95 44 193 230 
83 60 163 222 
81 48 167 242 
79 36 167 314 
85 40 167 270 
79 40 181 278 
87 44 161 258 
79 44 171 262 
95 40 179 250 
77 48 171 262 
85 44 183 246 
69 76 233 194 
65 52 175 298 
69 56 165 274 
63 72 169 250 
69 52 143 286 
79 48 139 278 
67 44 157 322 
61 56 167 306 
73 44 143 314 
93 108 51 226 
81 92 71 262 
85 124 51 214 
75 136 57 226 
87 136 97 154 
87 100 57 258 
77 180 51 206 
85 136 37 258 
85 152 33 274 
79 92 63 278 
79 108 49 302 
83 100 51 286 
87 168 53 194 
81 156 31 302 
87 120 39 254 
83 128 37 270 
81 116 61 226 
77 140 91 162 
83 136 41 230 
83 124 43 230 
79 148 73 166 
79 140 43 254 
81 160 33 290 
73 136 49 242 
75 164 43 246 
77 116 53 258 
71 180 43 270 
63 172 71 270 
69 152 49 266 
63 164 63 278 
75 160 67 186 
65 152 81 214 
77 160 53 226 
75 176 43 210 
69 188 57 222 
79 156 45 230 
57 124 183 130 
51 132 157 142 
55 120 181 150 
69 116 147 182 
45 140 163 130 
43 148 157 174 
59 124 149 150 
53 128 157 174 
37 160 179 166 
55 124 159 154 
57 116 183 166 
49 136 161 150 
61 120 165 146 
45 172 187 74 
37 172 175 122 
41 188 201 78 
41 172 209 86 
35 176 223 126 
55 156 177 74 
49 144 233 90 
47 160 139 130 
47 176 131 130 
39 164 157 130 
57 132 189 102 
43 164 149 98 
41 152 175 138 
41 160 163 138 
35 172 185 130 
37 180 165 138 
43 152 169 94 
53 176 123 98 
51 160 117 138 
45 172 139 130 
49 172 123 146 
59 168 109 142 
45 168 143 114 
59 152 115 138 
51 172 123 114 
59 168 111 126 
53 176 115 114 
55 152 135 130 
57 148 121 114 
51 152 129 138 
39 168 165 102 
41 156 189 114 
39 176 163 110 
39 184 157 94 
39 160 157 150 
33 172 179 142 
35 156 189 150 
45 148 161 126 
41 176 155 126 
39 152 169 150 
39 184 155 182 
61 144 133 146 
39 164 217 122 
45 156 167 98 
65 124 153 110 
55 128 201 118 
61 124 193 94 
63 116 187 126 
61 132 183 94 
61 124 163 114 
73 132 147 98 
71 124 151 118 
67 116 165 142 
53 120 193 166 
65 136 159 86 
51 132 179 110 
57 152 161 78 
51 140 167 90 
63 128 167 86 
67 120 169 106 
69 124 165 106 
61 124 187 102 
37 164 175 134 
37 192 201 118 
37 184 209 118 
51 144 151 118 
35 164 179 150 
41 144 181 158 
43 136 187 134 
37 188 165 134 
43 144 175 114 
59 124 177 130 
47 188 129 154 
53 132 149 126 
53 140 137 126 
49 140 177 110 
57 128 163 118 
57 156 127 102 
55 156 135 102 
47 148 141 86 
59 128 141 102 
57 128 155 154 
63 160 109 154 
61 176 103 162 
69 140 121 138 
71 168 103 142 
77 148 115 126 
61 184 95 154 
67 164 107 138 
71 136 137 134 
51 152 139 134 
55 152 125 174 
51 144 157 86 
57 132 141 126 
49 160 129 134 
57 140 143 110 
61 176 203 66 
61 140 125 158 
59 164 111 158 
53 148 135 158 
61 160 109 158 
55 140 141 114 
55 168 131 126 
61 152 135 102 
73 120 163 154 
43 180 137 166 
45 160 157 102 
51 144 141 134 
41 164 151 150 
47 172 135 134 
47 176 133 126 
45 148 149 158 
61 144 135 110 
49 128 169 190 
55 184 109 134 
65 168 117 122 
59 156 115 134 
63 124 141 166 
69 140 123 122 
67 132 127 142 
55 152 139 122 
49 184 137 118 
57 192 113 126 
61 164 119 126 
47 144 151 138 
55 156 125 138 
63 132 137 146 
37 176 173 158 
41 188 137 166 
49 184 139 110 
65 168 135 86 
61 168 131 90 
55 176 135 78 
59 148 141 78 
71 144 143 90 
51 136 169 106 
49 144 181 102 
53 136 147 90 
41 160 165 106 
47 140 155 114 
71 132 139 138 
61 180 123 94 
57 184 151 70 
49 192 131 102 
53 164 137 102 
71 192 151 66 
61 208 117 110 
69 164 133 78 
63 188 117 106 
65 192 105 150 
65 156 113 142 
67 144 137 98 
69 176 103 130 
57 192 119 110 
73 180 119 106 
65 164 143 74 
79 156 155 74 
71 136 139 118 
65 144 125 130 
59 168 125 106 
63 140 131 106 
55 132 175 110 
63 148 125 94 
69 176 101 146 
61 192 119 90 
41 152 177 126 
47 132 167 134 
63 76 173 218 
57 76 191 230 
73 72 145 210 
65 80 143 206 
65 68 175 234 
69 68 147 210 
71 76 181 194 
71 76 153 202 
65 68 185 218 
69 84 157 182 
59 72 181 242 
69 76 171 206 
75 60 157 234 
67 68 143 218 
71 72 157 202 
73 64 137 242 
65 72 153 214 
77 84 131 210 
71 80 143 202 
61 76 211 202 
59 80 151 230 
53 120 183 202 
45 104 187 254 
59 80 207 198 
51 96 237 222 
55 80 187 226 
49 92 191 258 
51 84 209 274 
73 92 139 186 
75 100 135 194 
65 92 139 194 
61 104 135 190 
63 112 131 198 
67 100 145 186 
65 108 149 166 
69 88 129 226 
63 92 135 202 
73 108 123 194 
67 104 135 186 
51 108 197 218 
47 104 169 262 
55 96 135 250 
59 92 119 226 
53 112 149 258 
73 88 111 250 
65 76 183 202 
61 76 163 230 
63 80 123 230 
77 76 115 254 
71 84 157 178 
67 80 193 194 
61 84 137 238 
57 80 169 234 
59 76 159 238 
49 96 173 266 
71 80 123 222 
67 100 133 206 
71 100 115 214 
57 80 157 262 
65 76 127 262 
67 76 113 262 
85 76 115 246 
75 76 111 262 
57 108 229 170 
55 96 203 210 
49 92 247 230 
53 84 199 246 
53 100 201 194 
55 116 163 206 
51 112 189 186 
53 108 197 210 
55 100 165 218 
55 92 209 198 
53 96 213 206 
49 96 191 246 
49 116 209 226 
49 104 233 218 
49 80 189 298 
49 84 217 290 
49 160 127 194 
45 156 141 170 
33 180 169 170 
33 164 179 186 
31 168 173 182 
29 160 179 218 
27 200 155 218 
31 172 153 234 
25 176 161 258 
27 200 147 234 
27 184 165 226 
33 188 133 210 
29 184 147 186 
23 184 199 218 
31 180 203 178 
31 156 147 262 
27 168 175 242 
33 172 143 226 
29 168 157 202 
31 200 231 170 
35 176 175 166 
33 172 151 218 
39 168 129 222 
31 164 157 230 
43 184 107 222 
39 180 121 198 
31 188 143 210 
33 172 161 198 
33 180 153 198 
35 172 143 206 
35 176 165 186 
47 168 125 214 
35 188 139 202 
29 180 143 310 
29 160 135 314 
27 172 145 254 
27 164 167 270 
23 164 159 326 
31 180 123 294 
25 188 153 286 
25 176 159 314 
33 188 143 202 
37 180 161 194 
41 160 153 182 
27 168 157 298 
31 164 149 242 
35 172 135 218 
27 184 157 242 
31 180 127 282 
31 176 143 226 
39 188 115 250 
35 184 129 226 
31 168 165 194 
43 172 143 178 
33 180 145 210 
35 176 167 178 
37 160 141 218 
35 176 157 198 
27 152 195 274 
27 164 179 266 
31 160 181 202 
43 132 135 262 
35 136 127 310 
33 148 137 250 
45 136 165 202 
53 116 147 238 
29 164 161 266 
51 140 123 230 
37 156 171 202 
49 132 113 262 
43 156 93 290 
43 160 99 278 
39 160 101 318 
55 128 121 258 
49 152 101 286 
45 180 89 310 
27 168 153 342 
39 136 109 302 
37 184 123 234 
37 144 117 346 
39 140 107 366 
35 180 113 266 
39 168 97 330 
37 164 153 206 
53 136 115 238 
47 160 95 266 
55 156 107 218 
49 180 87 246 
51 164 107 238 
37 148 119 242 
37 168 149 206 
37 160 131 238 
51 152 121 194 
45 176 101 222 
39 188 141 186 
35 156 127 286 
37 152 117 306 
45 132 133 274 
49 148 111 226 
43 172 91 254 
37 184 131 218 
33 140 133 314 
47 132 117 254 
41 156 97 282 
41 144 141 226 
35 164 127 274 
47 204 123 186 
41 208 117 218 
37 204 131 194 
41 172 147 194 
41 188 135 194 
33 184 127 254 
41 160 135 198 
35 200 121 226 
31 196 137 234 
35 184 139 214 
39 180 117 258 
31 180 155 222 
39 168 143 214 
33 160 211 186 
29 136 191 294 
31 140 219 206 
29 144 207 270 
27 140 223 266 
29 156 229 234 
27 172 211 210 
41 140 121 286 
43 128 127 298 
41 140 137 238 
51 132 125 238 
43 160 129 218 
37 148 153 210 
43 156 143 210 
37 160 165 206 
45 176 135 190 
53 156 117 218 
45 136 135 234 
37 140 127 282 
35 152 137 222 
35 184 123 262 
47 136 147 194 
33 148 179 206 
35 164 149 218 
39 172 141 210 
37 180 151 202 
27 168 201 214 
25 168 203 262 
23 176 191 222 
35 152 241 182 
31 156 237 202 
27 164 227 210 
31 160 207 198 
25 168 219 258 
45 108 157 342 
53 108 147 262 
55 108 159 222 
41 120 191 234 
37 132 123 318 
47 116 137 282 
39 120 129 330 
37 132 139 270 
53 128 123 266 
47 152 103 294 
27 144 187 278 
25 148 191 310 
27 152 163 322 
39 116 163 278 
31 132 159 326 
33 120 157 334 
37 124 167 250 
43 112 143 278 
33 120 167 282 
33 128 145 266 
35 116 135 326 
35 128 141 322 
39 124 163 258 
31 128 171 282 
29 128 169 326 
41 108 187 306 
37 116 185 278 
41 116 175 238 
43 104 165 298 
39 112 207 294 
31 116 193 358 
35 112 191 310 
37 108 159 354 
31 124 187 250 
41 112 169 270 
49 116 141 262 
47 100 187 306 
45 112 155 238 
35 108 169 318 
29 128 175 314 
39 116 203 258 
31 144 157 278 
29 160 169 226 
37 140 167 210 
37 140 159 230 
35 136 153 246 
29 140 173 294 
43 132 185 194 
47 128 165 194 
33 140 197 206 
37 152 211 182 
35 148 195 190 
27 156 171 270 
31 152 173 206 
29 156 177 238 
31 160 149 250 
41 140 155 194 
35 144 151 234 
41 136 173 198 
47 132 127 246 
45 112 139 266 
43 124 149 206 
37 128 135 314 
35 140 145 254 
49 128 127 262 
31 136 149 282 
39 124 121 302 
37 136 131 242 
39 116 133 322 
37 120 165 278 
37 128 143 262 
41 124 165 246 
39 144 145 238 
37 116 143 286 
45 132 147 230 
47 120 129 206 
45 140 131 218 
41 144 109 234 
33 152 131 246 
43 120 143 238 
33 132 161 218 
41 124 155 254 
31 148 149 274 
43 144 105 290 
49 112 137 282 
53 124 123 274 
53 116 149 230 
47 140 127 226 
47 148 103 302 
41 152 165 186 
41 140 153 198 
29 148 181 278 
45 116 173 234 
43 112 161 266 
39 128 163 254 
41 124 171 206 
35 136 193 198 
53 136 125 230 
39 140 203 190 
39 108 167 314 
35 124 185 246 
53 116 139 258 
43 112 179 262 
43 136 167 198 
49 112 153 234 
39 140 151 218 
51 144 129 202 
47 148 107 266 
35 156 169 214 
45 120 189 230 
27 156 211 254 
27 140 179 298 
31 148 165 226 
29 152 157 274 
37 144 185 194 
31 144 179 250 
31 136 209 246 
29 148 191 238 
35 164 163 206 
37 152 175 198 
43 100 191 350 
45 96 169 342 
43 108 179 282 
37 128 197 242 
41 100 171 358 
39 100 163 398 
37 104 195 354 
33 108 197 402 
37 100 173 362 
47 104 159 282 
53 124 147 202 
51 104 157 278 
45 136 125 286 
39 108 151 378 
39 136 179 214 
33 116 191 294 
31 120 179 358 
53 112 151 234 
51 108 147 282 
39 156 105 294 
53 104 137 302 
47 132 141 202 
41 156 121 230 
33 144 173 214 
33 140 157 262 
33 164 143 242 
37 148 143 238 
31 164 201 198 
45 164 113 222 
43 172 123 214 
49 168 99 246 
43 176 133 206 
29 172 181 198 
39 112 165 326 
41 132 157 250 
49 148 121 218 
31 140 147 346 
39 128 119 366 
33 156 129 310 
47 124 127 270 
29 144 157 326 
35 144 139 286 
45 128 137 250 
31 140 169 262 
31 160 139 290 
27 148 209 262 
25 144 211 330 
27 128 201 386 
25 152 161 334 
31 152 147 314 
27 148 169 286 
29 136 159 346 
23 156 215 314 
25 156 189 326 
25 156 199 294 
25 140 205 370 
29 144 169 298 
41 104 187 346 
25 160 209 278 
29 140 197 278 
29 200 247 178 
25 164 195 270 
27 172 199 238 
29 164 203 214 
29 168 189 190 
27 176 181 210 
25 180 207 206 
25 160 211 274 
35 168 125 266 
43 160 103 254 
39 156 133 230 
33 168 125 302 
23 164 171 278 
27 164 201 242 
25 172 231 250 
85 64 201 198 
71 56 175 238 
77 48 207 214 
71 64 169 230 
67 60 171 234 
61 72 181 218 
71 60 155 258 
69 56 159 278 
75 40 183 286 
77 52 187 234 
75 48 191 254 
65 48 155 346 
77 60 147 246 
69 64 201 230 
65 60 189 246 
71 52 221 222 
73 52 177 258 
73 44 191 266 
77 52 173 238 
75 44 187 274 
75 48 177 258 
97 48 227 210 
85 52 205 218 
79 40 209 274 
79 44 187 242 
77 44 187 266 
63 68 217 218 
55 76 189 258 
61 68 173 242 
61 80 189 202 
67 60 163 238 
77 56 159 230 
61 72 173 222 
59 60 193 290 
65 52 177 274 
59 64 187 258 
67 64 209 230 
71 52 163 266 
65 64 173 250 
63 64 213 226 
55 84 149 286 
45 100 159 326 
57 76 145 302 
69 60 151 262 
67 60 161 254 
61 76 133 270 
51 92 143 310 
65 52 149 302 
59 76 145 262 
75 52 141 262 
79 44 141 286 
73 48 141 310 
61 60 143 318 
81 52 145 250 
73 52 185 242 
79 40 177 294 
73 48 145 278 
89 44 153 266 
81 48 135 274 
73 44 145 294 
65 48 181 314 
67 48 149 302 
57 80 137 310 
65 68 167 250 
49 104 151 326 
51 100 153 302 
49 108 145 294 
53 100 147 306 
69 56 189 250 
71 48 147 306 
77 60 189 218 
73 52 203 230 
81 40 165 282 
73 44 173 282 
75 52 159 246 
73 48 163 266 
89 44 171 254 
79 52 141 258 
93 60 203 190 
91 60 189 198 
93 64 181 198 
103 56 207 202 
89 52 217 202 
83 48 173 222 
91 52 173 218 
105 44 185 226 
79 68 235 186 
83 76 221 174 
83 60 177 202 
85 56 201 210 
83 48 145 226 
81 76 173 182 
79 76 159 190 
81 80 151 190 
77 68 187 194 
91 72 177 194 
83 68 137 230 
77 64 147 230 
93 60 155 218 
85 64 137 226 
87 44 201 234 
75 64 207 194 
73 56 171 222 
81 52 173 234 
79 56 217 210 
75 56 191 214 
73 48 205 250 
81 52 185 230 
73 52 195 234 
71 56 195 234 
85 80 203 178 
79 72 193 182 
83 64 203 198 
79 64 177 202 
85 60 171 218 
93 56 189 210 
81 48 191 230 
87 64 161 210 
77 64 163 210 
75 60 167 230 
73 64 167 230 
83 52 141 246 
81 48 147 258 
85 60 143 226 
75 52 151 250 
73 56 151 250 
65 48 215 302 
71 44 179 314 
63 56 205 286 
79 36 147 330 
73 36 161 338 
81 40 141 318 
71 40 183 334 
89 36 159 310 
83 36 175 298 
93 40 177 254 
87 36 197 282 
79 44 151 278 
73 44 165 286 
69 56 171 270 
77 52 163 242 
81 48 145 266 
79 48 159 246 
81 60 179 214 
81 44 173 254 
95 36 213 274 
95 44 175 242 
49 84 167 302 
59 68 183 254 
57 68 207 266 
53 76 201 282 
69 60 157 258 
57 56 209 330 
59 56 177 318 
75 72 129 262 
75 68 133 242 
79 48 137 286 
77 40 143 298 
65 72 221 198 
75 76 209 182 
83 80 209 178 
89 96 235 154 
83 88 225 158 
81 84 231 170 
71 68 223 194 
79 80 239 170 
63 76 177 210 
63 84 193 190 
75 92 185 174 
79 96 205 166 
75 76 181 186 
75 88 213 162 
71 104 195 150 
65 96 213 162 
77 84 237 170 
73 92 225 166 
69 92 199 170 
73 76 227 190 
79 92 197 170 
67 112 203 158 
69 80 269 190 
71 76 257 190 
69 92 287 166 
65 80 243 194 
75 80 159 194 
69 100 201 162 
67 88 205 182 
85 72 185 198 
85 84 217 174 
71 68 195 198 
71 80 227 174 
67 96 209 162 
69 84 239 178 
73 76 251 182 
65 84 213 182 
69 68 241 202 
79 64 145 230 
73 76 167 194 
75 64 179 218 
71 64 155 234 
73 68 177 202 
61 88 227 174 
59 48 195 354 
55 60 191 386 
57 56 185 338 
71 44 155 358 
63 64 197 246 
53 80 179 282 
57 72 213 262 
53 80 193 250 
59 60 181 294 
57 72 223 258 
59 60 199 270 
51 84 175 290 
59 52 169 322 
53 64 179 306 
55 72 165 270 
57 84 161 250 
55 80 181 250 
57 64 205 274 
55 68 163 282 
57 76 157 266 
63 56 159 298 
61 60 147 266 
65 68 171 246 
77 72 123 266 
77 68 127 246 
59 72 161 266 
63 68 125 310 
65 56 139 286 
59 64 155 302 
59 68 149 270 
57 76 141 326 
61 52 163 318 
59 64 165 274 
57 80 141 294 
55 72 155 330 
57 84 135 262 
53 92 151 250 
69 56 211 246 
71 56 165 262 
67 52 225 242 
69 52 181 258 
67 44 195 294 
65 56 197 250 
57 64 191 298 
53 88 143 314 
53 76 149 294 
55 88 145 274 
51 68 163 330 
47 88 185 322 
53 84 153 274 
59 68 133 278 
69 68 125 290 
69 64 129 270 
61 80 129 258 
57 60 147 314 
69 52 137 290 
63 60 133 306 
55 60 197 310 
61 52 181 294 
67 52 177 262 
63 60 167 258 
57 76 187 254 
67 52 167 286 
57 68 183 274 
61 56 225 278 
75 64 135 246 
59 80 149 238 
57 72 163 274 
63 76 127 290 
57 72 161 282 
59 76 143 270 
67 52 165 294 
71 52 121 270 
67 64 127 290 
69 52 123 302 
81 52 113 282 
65 68 127 274 
75 44 137 302 
65 60 137 286 
65 64 131 254 
89 48 131 274 
57 80 151 270 
61 64 173 262 
63 64 133 286 
65 52 187 270 
55 84 147 314 
67 68 117 306 
71 64 153 246 
71 48 139 314 
57 56 169 346 
57 68 157 306 
61 48 195 330 
65 44 171 354 
63 48 173 330 
61 52 153 362 
51 76 183 322 
59 56 187 298 
71 48 153 278 
65 56 169 278 
67 52 139 354 
49 88 195 290 
55 84 163 230 
77 44 185 278 
63 56 155 338 
87 52 269 210 
73 64 259 202 
73 52 229 218 
71 48 257 258 
73 40 199 310 
71 60 215 230 
71 64 209 226 
69 48 213 270 
75 48 209 246 
77 44 157 286 
51 88 165 310 
49 80 179 346 
71 108 125 198 
85 80 83 274 
93 92 73 210 
95 88 85 222 
87 84 83 238 
79 104 101 202 
83 140 101 154 
71 148 71 190 
75 128 75 206 
65 160 85 202 
87 96 127 190 
89 112 97 186 
85 124 89 178 
91 108 87 202 
87 132 117 138 
89 100 129 186 
77 108 105 202 
79 116 133 162 
97 108 105 166 
99 104 117 178 
95 112 91 190 
95 104 101 190 
87 120 81 174 
93 104 79 198 
89 128 109 134 
103 104 113 186 
91 124 121 146 
89 116 113 166 
87 88 87 230 
91 104 95 194 
81 100 109 194 
77 104 121 194 
69 144 89 186 
79 120 91 190 
83 100 93 210 
73 120 119 170 
79 104 117 194 
75 132 83 182 
77 140 111 142 
79 80 93 250 
71 96 87 254 
67 116 99 206 
73 96 95 226 
69 124 127 166 
75 104 123 186 
91 84 111 234 
85 96 101 218 
87 84 115 226 
89 104 119 190 
93 96 93 198 
87 116 99 170 
87 88 103 226 
89 100 87 214 
75 120 151 162 
91 92 95 214 
87 116 125 150 
89 112 137 162 
87 104 129 182 
85 84 105 242 
81 108 135 178 
81 108 63 226 
77 128 75 178 
75 136 109 154 
83 112 73 202 
79 136 103 138 
83 124 71 202 
75 120 83 202 
71 120 69 238 
75 100 73 254 
67 140 81 190 
81 116 99 186 
73 132 103 170 
77 116 91 202 
73 124 77 214 
89 136 57 198 
87 108 73 218 
81 76 103 302 
81 124 41 262 
79 112 65 218 
81 120 47 222 
79 124 55 226 
69 124 71 230 
73 104 75 246 
77 88 67 270 
71 108 71 250 
67 148 57 286 
71 132 53 234 
69 136 57 274 
75 112 57 250 
87 84 67 242 
91 100 75 206 
79 116 69 206 
83 96 73 222 
85 124 77 190 
79 100 81 218 
69 112 87 230 
73 92 91 246 
85 92 67 254 
71 100 93 238 
91 80 91 246 
85 84 75 254 
87 92 59 262 
85 92 81 230 
83 84 61 270 
75 88 105 258 
89 96 67 226 
91 92 79 238 
83 88 77 254 
87 104 49 238 
91 112 59 218 
87 104 59 226 
81 112 69 210 
85 104 59 238 
83 104 55 258 
87 120 69 186 
81 112 79 198 
79 124 79 190 
79 140 55 214 
75 104 79 238 
77 92 85 226 
81 88 87 250 
79 100 67 230 
79 120 75 194 
81 108 93 190 
71 116 105 174 
79 124 73 202 
69 124 87 190 
71 132 69 194 
65 144 83 206 
73 160 63 198 
73 104 91 206 
75 112 73 210 
81 116 49 250 
81 96 73 242 
71 116 81 206 
73 108 67 258 
63 116 125 218 
61 128 87 218 
65 108 91 234 
59 116 131 214 
55 140 101 230 
69 104 97 222 
65 108 79 274 
59 120 93 286 
69 100 95 238 
75 100 85 238 
81 88 109 230 
65 100 101 250 
61 108 111 222 
75 92 93 238 
67 116 111 198 
75 100 99 214 
73 92 79 254 
69 108 83 242 
75 88 79 262 
77 108 67 242 
85 88 71 262 
65 104 123 218 
77 100 75 242 
77 108 81 218 
75 100 61 258 
73 88 79 274 
69 96 89 246 
73 84 101 266 
87 116 91 186 
75 124 49 286 
77 112 67 222 
83 128 59 206 
79 104 85 210 
81 120 83 186 
79 112 71 210 
71 120 87 194 
77 128 87 170 
79 120 59 214 
81 112 67 214 
79 136 69 174 
75 120 55 246 
61 148 65 310 
67 160 55 262 
63 124 79 254 
65 132 61 258 
59 144 75 270 
69 128 59 322 
71 108 109 206 
67 112 121 206 
63 124 111 190 
69 132 111 166 
71 140 79 178 
71 120 97 182 
65 124 83 234 
61 132 93 206 
69 148 73 198 
65 112 97 222 
71 156 55 202 
65 168 69 214 
69 108 109 218 
73 128 79 202 
91 96 109 194 
85 88 83 234 
81 112 113 170 
99 96 121 190 
79 144 117 134 
81 132 103 150 
89 104 91 198 
85 128 121 134 
83 120 113 154 
77 120 85 198 
81 100 89 214 
77 124 119 150 
81 152 111 134 
89 116 119 150 
83 120 111 170 
89 108 107 178 
95 92 133 198 
89 104 123 182 
91 112 131 162 
83 108 129 178 
73 128 127 146 
83 148 103 130 
89 148 81 154 
79 116 85 202 
75 140 115 138 
85 108 75 218 
85 104 81 210 
87 136 133 130 
97 132 65 202 
83 88 91 246 
81 88 77 262 
79 116 95 190 
71 96 107 238 
85 108 137 174 
89 140 55 206 
67 120 137 174 
77 112 107 198 
65 128 139 166 
79 112 121 182 
81 100 103 202 
69 116 91 218 
75 92 77 242 
81 108 45 270 
77 112 57 246 
77 100 59 246 
73 124 89 182 
73 116 59 270 
75 104 75 242 
77 96 61 290 
75 112 109 202 
69 148 111 142 
83 148 51 202 
71 156 93 146 
83 140 59 202 
83 148 65 178 
85 148 43 210 
81 140 45 218 
81 144 39 258 
81 128 45 254 
79 108 127 182 
69 116 97 190 
63 140 111 166 
67 132 101 194 
65 140 127 126 
65 176 101 158 
71 156 79 154 
65 168 93 166 
75 136 81 174 
77 120 67 210 
73 144 97 146 
71 136 97 158 
77 124 81 182 
79 108 85 206 
75 132 115 142 
73 124 107 162 
75 132 89 166 
71 104 111 218 
63 112 127 202 
81 112 59 230 
77 124 65 218 
73 148 95 154 
61 164 65 286 
67 188 59 230 
65 144 95 198 
67 152 77 202 
61 164 91 214 
73 156 65 194 
65 176 57 242 
67 164 85 186 
69 140 77 198 
67 124 79 206 
63 140 79 230 
61 156 101 174 
65 140 83 210 
61 148 93 182 
69 164 73 174 
65 180 89 186 
59 192 103 198 
67 176 55 238 
65 148 61 234 
59 160 75 246 
69 128 63 254 
69 144 59 210 
63 176 71 222 
65 176 87 194 
65 192 77 182 
75 152 67 194 
73 140 47 234 
69 148 65 202 
69 132 61 210 
71 172 55 178 
73 156 43 250 
71 128 67 234 
71 160 47 242 
63 160 79 214 
63 144 75 222 
67 136 77 206 
65 184 69 190 
87 128 67 198 
73 128 67 222 
75 152 57 198 
81 96 113 214 
71 104 83 222 
65 136 105 190 
65 128 97 198 
67 128 113 158 
73 112 65 226 
73 124 63 226 
69 136 95 162 
63 148 109 174 
73 164 87 146 
63 148 117 150 
75 132 41 290 
79 132 45 258 
79 116 41 266 
71 148 89 170 
73 136 87 186 
77 156 37 282 
79 132 37 282 
83 124 39 266 
69 128 71 222 
75 120 59 230 
69 116 73 222 
65 140 103 158 
71 112 79 246 
67 120 89 218 
79 96 65 258 
69 108 71 270 
71 108 59 274 
67 124 63 326 
65 120 65 278 
67 120 83 242 
61 156 73 238 
67 116 85 234 
59 128 79 234 
63 108 83 250 
57 132 83 274 
57 120 97 262 
57 116 123 230 
53 140 93 246 
65 96 103 270 
67 104 89 238 
57 144 103 226 
51 160 83 310 
57 172 73 262 
49 164 101 262 
55 144 79 258 
49 156 93 270 
59 124 81 278 
61 152 67 302 
61 132 71 290 
57 108 113 278 
53 124 117 330 
61 104 101 278 
67 88 105 314 
51 120 127 290 
71 120 57 274 
65 132 65 242 
71 92 87 262 
69 112 67 262 
61 148 69 294 
67 160 59 246 
61 144 123 170 
55 172 105 218 
55 164 97 226 
57 184 77 254 
59 176 89 230 
55 188 95 206 
61 168 73 202 
55 180 87 214 
59 172 93 222 
63 120 81 250 
59 140 77 234 
53 172 89 246 
65 128 107 190 
57 136 111 226 
59 132 113 186 
59 120 127 218 
63 152 83 218 
57 148 95 226 
69 144 71 202 
55 116 123 326 
53 152 89 306 
61 124 85 258 
69 88 109 294 
63 152 71 282 
61 112 99 246 
53 144 127 198 
55 136 123 230 
59 112 115 230 
61 128 103 214 
53 140 125 226 
63 156 85 214 
57 132 95 230 
73 112 115 198 
63 128 119 174 
71 92 107 254 
67 100 87 254 
61 112 93 278 
73 100 77 254 
63 104 105 254 
79 88 101 246 
63 100 93 266 
59 108 103 238 
73 100 91 230 
71 92 71 270 
67 108 75 258 
61 120 89 270 
73 88 71 278 
61 116 81 338 
65 112 75 298 
69 116 57 326 
69 100 71 302 
75 88 61 302 
75 108 59 258 
75 108 73 234 
77 108 51 266 
73 100 53 274 
65 104 97 262 
71 88 71 290 
67 112 67 286 
67 96 81 262 
79 80 85 278 
69 104 77 294 
89 80 81 290 
77 80 93 326 
71 84 93 282 
79 92 57 294 
57 124 119 222 
57 128 93 302 
55 132 111 254 
55 124 103 262 
61 128 75 322 
63 116 77 326 
65 116 71 326 
69 140 55 342 
63 120 69 290 
59 132 101 226 
61 112 87 286 
63 112 81 286 
71 104 61 326 
65 116 129 198 
79 108 117 190 
61 124 101 230 
59 128 135 190 
59 124 123 202 
65 116 85 246 
55 132 133 174 
57 136 123 214 
75 112 131 182 
67 120 73 258 
63 132 105 194 
69 112 101 214 
73 112 51 274 
77 120 49 266 
65 120 103 210 
69 124 69 258 
71 104 69 270 
63 120 111 198 
83 124 101 170 
81 116 89 194 
79 120 113 158 
81 128 95 162 
71 124 137 154 
73 112 123 186 
73 160 73 186 
81 124 103 178 
65 168 51 286 
71 148 63 206 
81 164 51 206 
69 152 51 262 
71 192 45 230 
75 144 105 138 
81 160 57 166 
85 140 59 186 
81 148 57 202 
75 152 39 302 
81 116 47 254 
77 124 45 270 
71 128 59 262 
73 152 45 310 
71 152 35 334 
77 116 43 286 
75 148 45 282 
75 112 59 238 
71 136 89 174 
77 160 31 302 
83 144 35 242 
79 128 37 294 
75 136 35 310 
83 108 55 254 
83 112 47 262 
81 112 53 254 
75 124 51 270 
71 140 51 294 
77 152 81 158 
77 148 71 178 
75 160 79 142 
79 140 67 190 
69 172 93 154 
69 120 79 210 
65 144 109 146 
77 112 63 226 
77 104 77 226 
73 136 93 162 
67 136 95 194 
81 140 61 186 
79 148 61 198 
79 136 63 198 
85 120 63 206 
77 132 49 230 
77 120 51 230 
73 144 81 166 
75 128 63 222 
59 120 169 162 
61 116 175 162 
61 120 143 166 
45 152 157 114 
37 160 193 146 
45 136 195 94 
39 160 193 134 
57 120 175 134 
39 140 213 170 
49 132 187 106 
55 120 157 166 
51 120 197 150 
71 128 139 150 
53 148 185 82 
49 124 187 126 
63 124 149 130 
53 108 199 174 
33 144 183 198 
39 124 185 206 
35 168 169 182 
41 128 195 150 
45 168 133 202 
51 128 165 134 
65 124 141 138 
55 128 153 186 
53 124 169 134 
59 156 107 210 
59 164 99 202 
55 116 151 222 
49 132 143 182 
47 140 133 182 
57 144 115 206 
67 120 131 190 
53 124 161 150 
59 132 139 150 
43 140 161 150 
39 144 155 198 
45 152 139 182 
45 156 137 174 
53 164 113 182 
67 104 149 174 
53 132 143 170 
39 144 185 142 
45 124 175 150 
63 124 129 178 
77 104 155 150 
55 112 165 214 
55 116 197 166 
53 96 167 214 
57 96 139 190 
59 104 135 198 
51 112 169 210 
57 84 171 218 
61 84 143 194 
65 92 175 178 
63 92 177 178 
63 92 149 186 
57 84 181 202 
61 100 153 166 
59 104 177 182 
51 88 177 226 
51 100 165 226 
53 88 177 222 
61 92 167 190 
59 84 139 202 
63 80 153 222 
63 88 153 186 
69 80 183 194 
57 88 149 198 
79 88 115 202 
77 88 129 202 
53 100 149 290 
45 108 177 246 
49 100 199 238 
59 84 197 190 
51 100 227 214 
55 84 177 218 
49 96 181 250 
53 88 169 266 
75 76 133 210 
71 88 129 206 
73 96 125 214 
75 92 143 182 
71 80 139 214 
73 76 129 218 
59 104 117 258 
55 108 133 282 
61 96 129 210 
53 100 161 242 
49 104 159 262 
57 96 125 250 
61 92 109 226 
67 76 173 202 
63 76 153 230 
61 84 129 254 
65 84 133 214 
65 80 113 230 
67 76 139 238 
63 80 171 218 
73 84 147 178 
65 76 169 210 
63 80 179 206 
61 76 149 238 
75 108 141 182 
51 96 163 266 
69 100 123 206 
67 76 123 258 
55 108 197 202 
53 120 185 194 
51 108 207 210 
55 96 211 190 
