1258
65 112 119 238 
73 100 129 218 
29 176 207 230 
61 96 145 254 
55 124 117 242 
35 120 185 278 
31 148 205 270 
59 72 219 262 
49 92 177 286 
55 116 133 246 
37 168 189 186 
35 144 195 214 
29 188 199 234 
43 156 147 198 
47 152 119 238 
67 92 139 262 
67 92 195 202 
71 76 185 222 
47 136 129 250 
57 148 91 258 
37 132 171 258 
51 108 127 326 
61 96 107 318 
41 124 169 250 
65 84 137 318 
49 132 113 258 
41 128 153 254 
47 136 189 178 
39 140 187 194 
45 112 203 206 
55 116 163 162 
57 124 179 146 
81 68 179 254 
75 80 157 206 
89 72 143 314 
71 88 143 226 
71 88 145 222 
63 108 159 182 
53 120 177 170 
75 92 127 242 
41 132 191 174 
49 128 175 182 
41 128 165 230 
45 108 185 218 
41 132 153 238 
51 108 183 222 
43 124 179 218 
49 112 177 206 
53 100 191 218 
45 104 203 210 
51 88 209 250 
43 104 227 250 
49 96 189 242 
53 100 187 226 
61 88 175 234 
55 96 175 202 
53 104 195 206 
65 84 177 226 
53 108 227 186 
53 96 203 226 
57 100 199 194 
47 108 173 226 
45 104 199 230 
49 120 175 194 
73 108 113 198 
57 112 217 162 
59 108 171 170 
49 128 191 138 
89 96 115 222 
55 116 137 222 
69 104 129 182 
61 120 151 174 
79 128 145 142 
63 120 145 190 
71 100 171 170 
69 92 155 186 
67 84 169 214 
67 108 153 158 
75 88 139 198 
79 92 121 218 
77 80 179 190 
91 100 125 182 
75 116 175 142 
61 108 177 162 
63 96 169 202 
59 116 173 150 
65 104 171 166 
59 124 151 182 
63 104 169 178 
65 96 145 190 
73 104 133 166 
79 88 205 174 
65 112 203 150 
83 96 127 174 
71 104 157 154 
75 84 145 218 
55 140 141 166 
53 144 173 134 
69 120 177 146 
81 116 137 150 
71 120 193 138 
65 128 163 134 
53 120 191 158 
51 120 195 150 
51 136 157 150 
55 108 179 194 
63 120 147 150 
61 124 183 138 
53 108 165 198 
55 132 179 142 
55 120 157 178 
55 116 189 154 
53 124 157 178 
63 132 199 122 
67 124 217 134 
55 108 155 206 
57 112 149 214 
67 124 131 166 
61 132 155 162 
69 104 175 158 
71 116 171 150 
53 140 143 186 
57 108 169 190 
67 96 159 174 
49 112 183 198 
55 104 195 198 
47 116 209 190 
83 80 137 258 
59 100 159 218 
79 84 141 222 
83 72 157 262 
75 88 137 202 
83 72 155 266 
77 76 183 218 
95 72 203 222 
71 80 145 250 
67 88 147 250 
77 60 185 318 
79 72 163 246 
53 92 183 230 
59 144 105 214 
63 176 99 210 
63 136 121 194 
59 104 143 194 
61 116 139 202 
63 124 127 182 
75 120 129 158 
57 128 131 190 
69 100 137 202 
69 96 129 226 
73 112 109 210 
59 116 109 218 
71 120 101 194 
65 128 145 170 
69 100 121 250 
67 124 97 206 
67 104 119 198 
65 136 97 202 
75 136 111 166 
75 116 123 174 
67 100 135 222 
61 140 111 198 
63 148 105 206 
73 136 111 174 
69 148 99 186 
73 144 103 174 
75 120 127 166 
77 112 173 150 
71 88 161 178 
69 112 187 150 
79 112 149 158 
65 104 151 186 
77 84 155 198 
71 124 127 174 
65 104 131 202 
73 96 133 178 
63 108 127 210 
73 104 125 178 
77 136 151 146 
81 92 145 194 
63 140 109 214 
65 144 111 194 
67 148 101 198 
59 140 113 210 
65 116 115 198 
65 124 101 242 
71 136 103 182 
71 136 95 226 
77 164 79 234 
75 152 91 210 
71 156 87 210 
73 136 91 238 
63 128 107 238 
63 104 121 262 
71 124 87 254 
75 116 101 230 
71 112 103 250 
77 116 99 226 
73 116 111 186 
75 96 151 174 
81 120 121 158 
71 156 91 202 
65 152 109 194 
71 136 127 162 
73 132 109 190 
77 124 103 174 
65 144 109 198 
81 120 107 174 
79 112 103 190 
79 120 121 182 
77 104 101 198 
67 156 87 214 
67 160 99 182 
75 136 99 190 
81 124 93 206 
69 168 87 206 
55 120 147 194 
71 104 109 246 
63 116 99 266 
65 124 103 234 
55 116 135 226 
87 124 75 262 
77 72 145 286 
83 76 125 302 
77 80 133 278 
73 84 133 274 
85 88 123 258 
71 104 103 286 
77 140 79 238 
75 132 77 246 
71 96 117 266 
67 116 91 274 
71 132 93 242 
77 128 69 258 
65 120 99 262 
79 92 131 210 
81 92 119 226 
89 120 95 226 
89 88 129 238 
71 88 119 290 
71 92 131 258 
77 96 103 254 
83 100 99 230 
91 116 85 246 
93 112 95 246 
69 108 111 286 
63 100 115 314 
79 88 113 290 
69 120 81 270 
73 92 121 286 
75 100 111 242 
67 124 89 258 
79 124 85 218 
75 140 69 254 
75 112 99 238 
75 76 147 262 
83 92 117 242 
79 112 97 226 
81 120 77 230 
83 128 79 222 
71 96 107 274 
81 92 113 274 
87 88 131 242 
93 72 165 234 
83 80 151 226 
77 108 91 250 
79 116 93 242 
73 132 89 250 
89 80 131 242 
83 76 139 258 
65 100 127 262 
71 112 113 230 
65 100 141 226 
83 68 163 254 
81 68 145 298 
87 64 153 274 
85 72 173 238 
79 64 173 294 
73 68 179 274 
77 132 87 222 
79 140 89 214 
73 108 107 214 
71 92 143 214 
59 104 129 230 
87 88 143 194 
75 96 121 194 
77 112 105 194 
67 96 123 254 
61 136 99 230 
63 144 101 222 
63 148 103 214 
63 112 125 230 
67 104 115 258 
67 100 119 262 
69 120 109 214 
65 108 123 198 
85 92 135 202 
73 92 151 202 
77 96 119 210 
71 84 149 210 
71 84 197 190 
75 68 181 266 
73 100 131 210 
83 84 133 210 
77 80 143 230 
75 104 103 202 
75 96 115 242 
69 96 125 234 
89 76 177 198 
61 100 141 234 
61 128 129 198 
79 108 189 146 
85 80 197 186 
89 104 153 162 
61 104 161 190 
65 128 93 306 
61 104 123 238 
71 112 105 246 
63 96 139 230 
83 100 115 218 
69 92 133 250 
83 128 91 182 
63 124 105 254 
69 144 87 218 
87 128 217 130 
87 128 135 150 
71 176 83 246 
57 120 97 322 
75 84 121 334 
65 112 97 286 
63 80 133 370 
45 116 127 378 
47 108 131 370 
65 100 113 306 
71 72 133 334 
67 88 119 366 
37 152 155 242 
33 184 151 242 
37 164 153 218 
43 140 119 278 
51 156 97 278 
37 184 131 258 
35 168 143 282 
55 124 109 266 
65 120 93 330 
57 96 129 294 
59 108 121 282 
61 104 109 298 
63 96 117 310 
53 108 127 286 
49 128 109 278 
41 136 135 302 
59 172 103 214 
53 148 95 298 
41 160 125 258 
47 168 113 214 
57 144 95 254 
55 168 115 198 
55 184 127 162 
43 152 151 194 
43 144 183 166 
55 172 117 186 
49 144 121 238 
49 124 131 258 
49 132 125 238 
61 140 93 294 
57 124 101 286 
49 116 119 270 
45 128 123 262 
51 124 117 274 
53 104 117 334 
61 116 107 294 
55 152 97 238 
47 132 133 246 
43 148 127 270 
53 144 101 262 
53 128 111 266 
67 148 89 242 
49 152 115 210 
43 152 121 234 
49 160 111 250 
55 156 107 210 
45 152 121 218 
57 156 115 186 
65 164 91 250 
59 132 103 266 
65 156 89 286 
67 140 87 278 
51 140 107 258 
63 128 97 298 
45 140 125 230 
55 128 105 290 
63 140 93 286 
57 144 103 250 
39 148 149 226 
43 128 151 222 
43 148 143 218 
57 120 111 282 
51 120 123 266 
47 124 131 274 
59 80 151 298 
59 88 121 314 
49 92 137 318 
51 100 133 354 
51 92 141 314 
65 76 135 334 
43 120 141 302 
65 72 167 274 
55 68 179 294 
53 80 137 338 
57 68 173 318 
29 176 173 254 
35 164 181 214 
41 160 167 190 
59 92 139 282 
57 100 127 314 
47 96 147 318 
41 184 161 174 
41 164 159 194 
43 132 185 190 
41 136 175 202 
41 160 183 166 
39 192 139 198 
37 152 157 218 
57 80 163 274 
47 124 123 306 
43 120 161 222 
53 100 137 286 
53 96 169 254 
53 88 191 242 
55 132 109 254 
55 156 105 222 
51 152 109 234 
49 136 157 182 
49 144 125 210 
43 156 129 210 
53 112 153 238 
53 104 155 250 
47 116 141 274 
47 104 189 242 
49 104 177 242 
53 96 127 334 
59 104 117 322 
51 112 125 278 
57 128 107 278 
59 112 119 262 
47 160 123 214 
53 116 153 230 
49 108 129 270 
55 120 121 238 
55 112 137 242 
47 136 109 334 
49 128 107 354 
49 112 117 318 
55 164 93 262 
59 156 83 334 
63 132 91 298 
53 136 105 294 
59 148 87 294 
53 196 133 150 
55 140 111 218 
57 184 95 242 
43 192 119 214 
41 188 141 198 
51 208 133 162 
53 180 143 154 
43 196 183 142 
41 208 165 154 
53 188 125 178 
49 160 147 158 
37 156 149 270 
47 180 143 170 
43 96 185 274 
35 144 161 290 
45 144 163 178 
35 148 169 218 
35 168 165 210 
39 164 181 186 
41 132 179 198 
75 152 161 118 
63 176 183 110 
73 156 131 130 
75 140 167 130 
57 92 143 294 
53 84 181 270 
37 176 189 182 
39 160 181 190 
51 180 123 186 
65 192 83 226 
51 160 145 146 
73 152 83 234 
69 152 141 130 
53 164 193 110 
51 172 183 126 
47 156 171 158 
51 184 105 238 
35 128 193 238 
37 136 171 238 
49 168 203 114 
51 164 189 114 
43 172 201 138 
33 164 189 190 
65 160 149 114 
61 168 201 90 
65 156 173 98 
53 104 181 226 
55 100 169 230 
61 96 161 210 
51 108 159 246 
51 116 159 226 
67 144 209 114 
41 104 187 258 
29 164 197 254 
29 192 217 222 
27 196 211 246 
33 156 211 206 
37 160 211 174 
31 180 195 218 
59 88 143 262 
53 88 187 250 
55 92 145 270 
57 80 181 238 
57 84 149 270 
69 84 175 206 
75 92 163 174 
71 92 125 262 
57 100 167 230 
63 88 173 214 
61 84 181 222 
61 96 137 270 
63 100 133 242 
71 96 123 246 
63 92 145 222 
57 104 139 238 
71 164 103 162 
63 196 93 234 
61 152 109 210 
67 128 127 170 
55 132 121 222 
61 132 131 182 
43 132 131 258 
53 128 115 246 
51 120 131 242 
61 128 153 166 
53 124 137 230 
53 116 115 250 
55 112 153 210 
55 124 129 226 
59 144 119 182 
53 120 139 198 
75 144 115 146 
65 148 149 130 
69 120 135 162 
67 120 199 142 
57 112 147 234 
43 128 129 278 
65 116 141 190 
63 124 137 174 
63 120 107 242 
53 104 121 290 
69 124 111 178 
59 128 107 242 
53 128 123 222 
65 128 119 190 
45 128 115 266 
71 112 117 222 
57 124 131 198 
39 132 155 246 
65 136 143 166 
51 132 111 226 
49 104 151 274 
71 164 127 138 
67 144 111 154 
77 160 139 118 
63 148 111 182 
57 152 119 202 
69 76 171 258 
71 76 201 218 
63 84 145 282 
47 84 159 318 
49 72 209 358 
41 100 173 322 
49 76 201 338 
41 112 157 310 
35 132 167 302 
57 100 159 238 
59 84 187 230 
71 132 181 122 
65 72 219 214 
59 84 213 206 
69 136 197 130 
83 132 171 126 
63 100 197 174 
67 88 203 198 
57 104 213 190 
63 156 183 114 
77 156 163 102 
37 116 177 274 
37 124 173 266 
41 104 171 306 
39 104 203 290 
33 116 195 330 
37 100 203 322 
39 96 203 322 
39 136 145 286 
39 116 153 262 
37 116 185 246 
33 124 195 262 
31 128 177 286 
33 136 169 282 
39 120 183 238 
43 104 191 254 
31 148 213 254 
37 132 185 230 
29 152 195 278 
49 128 155 206 
51 128 185 166 
63 72 217 222 
75 96 223 170 
67 104 211 162 
57 84 211 214 
77 164 169 94 
73 108 215 146 
75 140 153 138 
63 168 167 114 
81 148 215 106 
95 100 227 162 
77 92 207 170 
67 132 157 146 
65 116 203 138 
65 72 157 294 
43 100 155 314 
39 96 187 330 
39 108 165 322 
41 92 187 330 
47 88 191 274 
35 112 179 338 
57 96 163 250 
59 72 153 302 
69 72 155 286 
55 80 173 278 
45 84 183 306 
53 72 209 266 
55 92 217 218 
43 88 171 334 
47 84 203 258 
47 76 203 290 
53 88 169 278 
45 92 181 282 
43 92 161 322 
55 104 141 238 
55 84 169 274 
67 80 135 274 
61 84 177 238 
63 96 175 198 
67 84 155 258 
57 100 135 278 
39 140 141 266 
55 124 133 202 
57 124 147 186 
57 116 147 218 
59 136 125 198 
63 168 79 258 
75 152 109 166 
61 160 105 210 
63 140 105 226 
43 188 119 242 
69 148 127 142 
59 164 101 234 
69 156 117 146 
53 172 127 186 
53 176 95 250 
59 124 131 186 
65 132 121 186 
57 128 147 178 
79 144 199 118 
71 136 157 138 
47 120 135 262 
47 112 145 262 
61 140 95 234 
63 128 99 258 
67 144 71 266 
63 164 81 266 
71 136 155 142 
61 144 161 134 
73 140 95 190 
59 168 211 106 
53 176 207 106 
47 176 231 106 
55 160 229 114 
53 168 191 110 
49 164 207 114 
49 156 235 130 
43 196 261 114 
33 148 181 234 
39 132 151 262 
51 140 155 170 
53 124 141 190 
53 132 131 190 
45 132 135 230 
37 136 153 254 
39 132 167 210 
39 136 151 214 
47 96 185 258 
41 144 145 222 
43 92 187 258 
43 116 219 206 
39 124 181 238 
81 56 225 306 
89 56 265 250 
69 60 189 294 
77 68 179 270 
57 64 207 354 
63 68 145 310 
63 64 207 310 
67 60 211 302 
61 88 211 202 
67 76 217 210 
73 80 247 198 
41 104 175 302 
37 104 189 310 
35 116 189 310 
49 96 149 290 
53 96 155 266 
43 104 173 298 
49 84 181 290 
43 100 177 258 
41 108 201 238 
41 96 185 302 
47 96 155 290 
47 104 145 290 
45 120 191 198 
75 100 195 166 
31 192 181 210 
31 160 197 198 
35 140 209 230 
33 144 205 238 
29 168 233 226 
53 96 225 218 
43 88 187 330 
71 60 195 270 
67 64 191 278 
59 64 213 302 
63 64 187 314 
63 68 191 250 
55 80 195 250 
69 72 179 258 
59 72 181 266 
69 60 221 278 
59 80 165 266 
87 68 209 206 
87 56 217 274 
75 64 215 238 
61 68 201 234 
65 76 197 230 
45 100 205 226 
43 112 189 238 
53 100 165 254 
53 96 173 250 
57 92 171 246 
53 80 203 254 
49 108 229 206 
57 84 173 242 
55 80 193 270 
39 108 175 294 
53 100 141 282 
55 100 131 326 
49 80 157 322 
43 100 161 310 
43 112 169 258 
47 100 195 242 
51 108 203 206 
43 84 201 290 
39 112 199 242 
47 88 171 290 
45 96 161 306 
49 84 191 258 
45 88 199 302 
57 76 205 266 
61 68 171 290 
57 88 169 258 
53 92 159 278 
51 100 155 278 
61 72 187 262 
59 84 195 214 
67 76 207 222 
55 88 223 238 
63 64 233 298 
49 100 141 286 
51 88 187 270 
53 84 143 302 
47 96 171 262 
49 100 169 266 
45 116 133 298 
47 108 137 298 
79 72 257 210 
93 52 243 250 
79 64 225 222 
73 68 227 230 
51 84 181 274 
61 76 179 234 
57 92 135 314 
59 84 139 314 
51 80 179 282 
47 84 169 298 
63 84 163 254 
49 88 187 282 
43 96 183 298 
43 92 181 306 
51 92 173 278 
61 72 169 266 
57 76 165 274 
49 88 159 290 
59 76 155 290 
53 84 171 286 
55 80 145 306 
53 92 149 282 
49 96 155 286 
39 100 197 298 
41 96 187 298 
61 80 159 266 
61 88 129 282 
63 72 161 282 
57 72 159 342 
67 76 143 302 
51 92 145 286 
41 116 189 234 
49 112 169 234 
73 80 185 202 
69 88 149 242 
61 80 157 282 
43 120 159 258 
67 64 197 242 
63 64 181 342 
65 76 175 258 
47 92 153 298 
65 80 165 242 
73 64 189 254 
69 72 153 294 
67 136 109 194 
53 152 147 162 
51 168 129 174 
49 140 129 206 
61 164 101 194 
59 132 129 186 
49 136 137 206 
59 160 131 150 
53 160 149 122 
57 152 115 206 
63 120 131 194 
61 108 137 206 
61 116 115 206 
61 108 113 246 
53 108 131 254 
51 112 145 250 
65 136 117 190 
55 136 133 182 
57 148 151 130 
43 152 179 174 
47 136 151 190 
45 140 149 190 
71 132 131 150 
43 180 167 150 
41 168 193 154 
37 168 151 198 
47 168 149 158 
43 156 163 170 
37 164 167 202 
63 152 117 170 
53 148 123 194 
51 112 147 246 
59 120 131 198 
51 128 133 238 
51 176 159 126 
41 176 211 126 
45 172 187 134 
53 148 173 118 
65 144 133 166 
45 200 161 142 
53 192 137 158 
45 164 229 130 
47 176 167 122 
45 156 185 142 
71 116 183 146 
61 96 153 242 
65 80 149 270 
53 88 185 266 
65 84 165 234 
69 72 185 230 
69 80 163 230 
59 96 197 186 
33 176 181 194 
39 144 187 174 
39 172 177 174 
39 156 185 158 
37 176 195 178 
43 176 201 134 
37 180 199 158 
37 164 179 190 
45 136 177 182 
41 140 171 178 
47 120 185 182 
51 108 169 242 
51 92 175 238 
59 88 151 246 
59 92 167 210 
51 100 189 222 
63 80 187 206 
51 124 155 190 
47 132 161 206 
41 196 181 166 
45 192 175 146 
53 152 163 142 
51 148 211 130 
47 160 193 126 
47 144 181 134 
55 140 163 134 
51 152 187 118 
55 144 135 142 
49 144 145 178 
47 172 131 186 
43 120 213 190 
79 76 217 198 
83 56 233 266 
59 80 201 234 
45 164 177 138 
43 168 205 138 
43 148 181 150 
47 152 179 154 
39 128 169 238 
53 124 169 174 
45 184 197 126 
45 136 159 194 
45 120 247 182 
41 140 227 170 
41 152 197 166 
37 168 209 150 
35 156 195 198 
45 140 205 146 
43 136 161 190 
37 120 193 202 
45 136 199 162 
37 148 183 202 
33 160 189 214 
43 128 201 190 
33 160 179 218 
37 140 195 182 
35 124 191 246 
45 116 175 202 
45 124 165 202 
39 148 171 198 
41 148 111 318 
39 140 127 294 
47 120 125 334 
47 148 109 298 
43 160 107 318 
41 128 161 250 
43 124 145 254 
53 96 135 290 
47 148 123 230 
55 144 125 206 
43 132 135 254 
43 168 133 198 
49 108 149 258 
45 120 147 210 
55 104 129 278 
59 112 121 246 
51 100 143 282 
49 152 103 274 
57 136 99 278 
39 152 143 206 
43 160 143 198 
47 140 139 206 
57 140 109 238 
55 112 121 270 
61 132 95 294 
51 140 101 314 
59 92 131 302 
57 112 107 298 
51 112 103 306 
55 132 89 338 
59 124 99 298 
53 144 97 290 
57 132 93 314 
57 124 99 318 
61 132 101 278 
51 120 101 322 
35 128 175 250 
45 100 165 286 
39 108 179 270 
45 108 143 310 
41 128 139 290 
41 116 145 326 
43 136 123 314 
39 124 145 314 
47 100 141 298 
51 92 153 282 
55 92 173 266 
47 104 153 270 
39 156 131 242 
51 96 177 230 
55 88 173 270 
45 136 131 242 
39 128 187 206 
53 128 183 162 
43 128 191 194 
51 112 167 182 
41 168 139 226 
49 124 113 314 
45 100 175 266 
37 140 167 246 
33 164 163 222 
37 136 179 218 
49 148 173 154 
31 156 171 226 
35 184 173 190 
39 168 157 186 
27 192 221 218 
29 168 195 266 
29 184 227 222 
33 164 155 250 
45 156 127 210 
37 164 145 266 
49 148 159 166 
49 152 143 170 
49 140 175 170 
65 140 119 178 
57 176 133 150 
49 144 143 194 
57 136 129 214 
47 200 137 166 
51 148 135 170 
59 144 115 194 
49 160 177 142 
61 140 147 150 
59 160 121 158 
57 152 133 158 
59 132 169 150 
45 128 137 210 
37 112 193 266 
43 108 157 274 
77 144 175 126 
59 172 117 150 
63 152 129 134 
63 140 161 134 
69 140 193 130 
41 148 145 206 
53 172 111 198 
35 156 151 242 
37 164 163 206 
41 156 163 198 
43 140 151 210 
57 136 131 186 
53 148 167 146 
57 156 141 134 
65 152 121 158 
61 144 127 170 
61 152 127 150 
45 168 133 182 
43 172 141 174 
37 180 151 190 
51 176 131 166 
49 188 127 206 
41 188 153 182 
55 188 125 174 
49 156 149 158 
33 152 167 234 
39 168 173 182 
47 148 147 194 
47 148 165 174 
45 148 129 218 
43 152 123 222 
41 172 169 170 
47 152 137 182 
57 152 165 118 
45 140 175 174 
51 156 143 162 
39 200 161 158 
45 196 179 130 
41 204 145 186 
37 176 167 186 
41 144 129 230 
37 168 135 230 
41 136 139 230 
53 152 171 134 
51 164 175 142 
57 160 129 170 
59 140 145 158 
49 144 179 146 
55 136 149 162 
63 140 129 170 
51 164 185 130 
51 168 121 198 
61 136 137 170 
53 148 131 186 
45 160 135 186 
49 144 133 198 
51 140 119 222 
47 140 179 162 
59 152 117 178 
59 156 125 170 
57 152 161 122 
55 100 167 234 
53 84 163 298 
49 112 161 250 
55 184 113 178 
45 156 145 194 
55 148 127 178 
59 160 107 178 
47 148 169 162 
35 180 215 178 
33 160 165 242 
41 164 153 202 
35 172 145 226 
43 160 151 162 
47 172 133 174 
47 168 151 138 
45 184 139 162 
59 168 139 122 
43 164 199 146 
45 164 121 210 
41 176 157 178 
43 160 169 154 
57 140 127 206 
45 144 117 246 
47 200 127 206 
39 176 129 278 
41 168 123 246 
51 148 103 246 
45 124 133 286 
57 144 107 230 
53 148 115 222 
49 156 105 262 
59 140 107 234 
61 152 113 174 
49 116 161 230 
45 104 161 266 
45 108 153 294 
47 196 147 142 
59 164 127 150 
63 144 139 134 
59 176 135 134 
67 108 101 322 
67 96 117 306 
49 120 135 250 
61 116 101 310 
37 116 163 286 
33 140 163 278 
37 144 143 274 
37 112 179 310 
57 108 127 246 
47 124 135 258 
43 112 147 270 
67 140 117 170 
51 144 127 194 
67 136 119 182 
59 132 123 206 
59 148 93 254 
57 156 93 246 
71 76 145 278 
75 84 125 286 
59 96 129 282 
59 92 123 310 
45 104 151 306 
37 120 153 278 
51 120 115 298 
41 100 175 318 
41 128 149 266 
47 116 155 250 
81 64 187 266 
71 68 159 290 
75 72 165 258 
81 76 179 198 
65 88 123 306 
63 88 139 278 
71 72 175 246 
69 76 153 262 
67 72 165 278 
59 72 167 282 
67 80 175 238 
39 104 185 310 
47 80 179 298 
63 80 147 286 
51 104 145 266 
43 112 165 262 
45 112 135 286 
53 108 155 246 
57 100 137 246 
51 136 137 194 
51 120 139 226 
79 84 125 246 
67 100 115 286 
61 80 165 262 
63 92 123 270 
49 96 143 294 
65 100 109 310 
57 96 131 290 
65 96 137 258 
75 80 127 298 
69 88 131 262 
69 80 139 262 
61 100 133 246 
67 100 127 242 
71 88 123 270 
71 88 139 258 
63 92 143 246 
69 76 143 298 
41 132 137 246 
43 108 163 266 
41 120 143 282 
65 92 171 206 
69 80 195 202 
81 76 177 218 
43 116 173 250 
37 132 179 234 
57 100 169 226 
61 96 191 198 
49 88 145 346 
47 88 147 322 
51 76 147 306 
55 88 141 322 
51 72 163 302 
59 72 157 298 
41 96 201 290 
51 88 153 302 
45 96 173 274 
41 124 183 206 
45 108 183 250 
55 88 175 250 
55 76 177 274 
55 88 165 274 
49 92 187 254 
53 84 187 266 
49 92 197 230 
59 88 189 210 
47 92 199 242 
37 112 183 282 
47 92 185 270 
55 100 135 282 
55 84 159 286 
35 124 179 254 
53 84 189 254 
59 76 187 258 
45 104 163 254 
47 96 161 282 
39 100 207 274 
53 96 153 274 
69 76 175 254 
51 96 157 274 
39 124 151 310 
77 100 165 166 
73 84 185 182 
79 84 159 186 
93 76 199 194 
79 76 187 210 
73 76 153 222 
65 84 147 262 
67 72 183 246 
