3510
97	160	31	286	
55	180	173	62	
29	152	121	226	
83	84	127	134	
47	136	101	150	
59	80	97	190	
75	88	73	198	
49	176	183	70	
43	164	133	106	
35	160	153	122	
69	76	97	178	
41	136	141	130	
49	100	139	142	
59	68	95	262	
43	104	157	154	
61	192	109	98	
69	84	81	202	
69	56	97	266	
59	60	121	254	
45	96	129	190	
53	84	91	238	
73	96	137	118	
49	132	63	226	
71	104	77	154	
57	104	69	194	
53	80	119	214	
53	76	91	262	
39	124	117	170	
77	108	69	150	
49	104	77	234	
63	92	93	170	
61	100	93	142	
47	68	117	286	
31	144	191	138	
49	92	83	270	
41	84	163	214	
45	68	133	326	
49	80	109	262	
45	72	121	266	
53	72	103	282	
39	120	95	250	
37	144	185	114	
55	88	147	150	
71	104	67	162	
87	100	73	166	
33	160	135	138	
49	88	127	190	
43	76	127	246	
49	116	69	246	
47	84	131	214	
33	124	183	170	
43	152	113	138	
33	132	109	258	
47	80	111	246	
49	100	93	222	
49	120	143	110	
65	112	63	210	
83	88	89	166	
31	132	139	202	
37	164	135	130	
59	72	127	174	
57	84	131	162	
31	152	163	150	
33	128	125	194	
45	68	153	270	
57	124	61	190	
55	116	93	158	
61	116	87	146	
63	56	165	190	
47	80	129	222	
43	96	139	178	
41	92	115	230	
67	88	171	126	
47	68	145	238	
35	124	101	222	
45	116	81	210	
25	140	161	210	
33	148	129	162	
53	92	115	174	
55	92	81	226	
69	100	111	130	
31	160	163	130	
49	96	103	178	
35	148	151	130	
37	152	131	138	
41	92	151	214	
37	136	141	154	
45	100	101	226	
41	88	137	222	
37	120	97	242	
47	112	91	210	
55	104	101	158	
77	108	93	138	
51	128	123	118	
55	80	143	174	
27	128	171	218	
55	116	159	102	
67	52	179	198	
57	80	161	158	
63	136	41	306	
41	132	101	190	
43	148	151	94	
37	172	145	122	
57	112	85	158	
41	156	95	162	
51	104	105	170	
55	84	85	218	
25	156	151	194	
55	64	87	310	
43	164	121	130	
45	116	93	202	
59	144	119	94	
47	108	75	238	
39	116	177	154	
45	144	117	142	
35	168	147	122	
45	168	131	106	
25	148	127	234	
35	104	181	198	
41	136	91	178	
35	104	129	238	
37	96	157	222	
47	64	159	278	
27	136	141	262	
31	132	111	250	
39	160	129	114	
43	160	169	90	
55	108	109	138	
51	108	125	138	
51	120	85	186	
45	148	67	210	
51	72	119	222	
41	128	91	202	
43	128	119	146	
45	112	151	134	
55	60	115	262	
69	128	93	114	
55	116	101	150	
33	132	161	174	
37	120	165	158	
47	128	131	118	
55	72	91	258	
51	104	129	126	
53	112	113	126	
43	140	87	186	
47	116	89	190	
49	132	77	178	
77	120	85	118	
57	132	111	98	
63	124	101	118	
31	180	121	174	
35	112	113	274	
33	112	129	294	
39	172	147	110	
49	104	101	182	
57	124	69	182	
47	136	77	186	
65	140	67	154	
49	96	141	150	
45	132	107	150	
53	92	91	190	
55	128	127	106	
45	120	99	178	
43	136	129	138	
43	128	185	110	
49	84	109	218	
63	88	69	230	
37	176	171	94	
41	124	131	158	
51	124	97	166	
59	156	83	118	
53	124	129	94	
59	116	97	134	
49	124	63	258	
45	128	143	110	
63	100	67	198	
49	132	127	114	
47	132	151	102	
55	132	105	126	
39	188	195	86	
37	164	153	98	
53	100	125	138	
29	144	155	178	
29	148	185	162	
57	76	89	222	
81	72	103	182	
75	80	127	150	
57	144	73	166	
41	140	149	114	
27	140	167	190	
29	128	165	210	
45	132	101	162	
65	68	113	174	
89	80	67	218	
49	152	81	162	
57	128	91	142	
51	92	117	174	
61	80	81	214	
35	132	149	166	
43	124	137	138	
53	88	93	214	
69	68	97	202	
45	160	121	114	
47	88	115	198	
65	108	89	142	
27	168	213	142	
57	72	103	214	
55	68	137	198	
53	108	97	182	
51	164	105	122	
37	116	137	190	
33	108	157	210	
37	140	159	134	
41	196	181	86	
39	116	157	158	
65	80	145	150	
89	148	33	262	
43	156	139	106	
51	116	143	114	
45	108	93	226	
37	144	83	210	
39	100	125	238	
43	120	115	170	
45	128	117	154	
39	84	167	242	
59	112	93	150	
25	144	159	198	
45	120	155	110	
43	136	179	102	
45	120	93	190	
29	132	147	226	
61	72	77	234	
37	148	157	118	
41	116	119	166	
47	100	127	150	
43	108	147	158	
47	116	121	150	
39	128	135	158	
43	108	97	258	
33	100	187	222	
33	112	167	202	
37	108	171	190	
57	108	87	158	
41	112	153	150	
55	84	131	166	
37	132	165	138	
41	104	135	174	
49	112	123	130	
63	68	141	182	
53	120	135	110	
59	68	79	270	
65	88	101	170	
47	144	147	102	
53	128	123	110	
27	116	173	242	
59	72	71	282	
39	100	155	206	
29	132	161	210	
39	96	153	226	
31	108	183	210	
45	136	87	194	
61	92	97	158	
47	92	127	178	
79	64	109	202	
41	112	85	298	
51	84	103	214	
65	64	91	214	
47	84	143	178	
33	140	89	250	
37	84	173	230	
25	128	167	234	
47	92	161	162	
55	60	181	218	
49	88	129	186	
73	92	59	246	
41	96	137	206	
37	88	151	238	
53	64	147	222	
23	136	163	222	
53	72	125	218	
55	104	75	222	
39	124	185	126	
39	84	127	266	
31	144	119	210	
39	116	141	170	
31	140	187	146	
61	92	83	198	
47	72	115	262	
71	116	93	122	
83	120	105	114	
43	116	111	178	
33	116	163	194	
27	136	175	206	
47	72	133	254	
45	76	139	238	
45	140	101	158	
71	148	51	174	
25	152	145	202	
41	116	179	142	
43	112	167	134	
39	144	167	102	
47	120	143	118	
41	128	153	130	
55	68	119	210	
61	68	103	202	
51	100	161	134	
45	128	71	266	
65	76	89	206	
57	120	133	98	
37	164	87	194	
45	84	115	226	
33	112	133	282	
65	144	59	174	
27	128	153	250	
35	136	201	122	
55	100	81	206	
45	116	107	190	
71	48	103	314	
57	108	117	130	
59	84	165	150	
67	68	101	190	
51	68	145	218	
89	120	53	198	
39	128	177	118	
29	156	169	162	
47	104	97	214	
69	52	101	306	
31	156	125	170	
43	92	119	226	
55	116	131	122	
51	108	69	226	
55	104	77	182	
33	104	177	206	
37	88	165	234	
75	52	95	274	
31	92	171	250	
67	132	41	282	
41	152	143	110	
53	172	153	70	
47	124	169	106	
37	104	175	190	
35	160	129	146	
37	152	153	118	
33	144	145	150	
37	96	161	206	
41	144	107	166	
59	112	63	234	
31	112	161	218	
59	84	85	190	
41	84	143	230	
71	56	93	254	
63	116	73	150	
47	128	67	202	
45	80	121	262	
55	120	123	110	
67	148	75	122	
59	80	73	230	
41	156	127	122	
67	136	59	154	
59	108	125	118	
41	124	85	234	
77	84	87	178	
45	88	101	254	
57	88	79	226	
59	120	77	174	
81	52	113	234	
39	128	173	126	
39	124	163	134	
77	124	79	134	
73	44	103	350	
37	136	103	218	
43	116	149	138	
81	60	113	210	
61	84	129	154	
61	140	59	186	
65	76	111	178	
57	72	75	270	
47	132	171	98	
55	120	165	98	
71	116	83	130	
61	96	87	170	
63	112	75	158	
53	68	111	254	
63	76	87	210	
35	148	135	138	
53	76	129	206	
39	104	103	246	
75	100	83	158	
77	108	83	146	
61	80	111	182	
39	124	155	146	
39	132	143	138	
75	92	67	210	
35	116	167	178	
49	72	127	230	
63	72	73	258	
51	72	97	294	
59	100	75	222	
43	132	159	114	
41	100	99	266	
43	144	71	258	
35	148	107	182	
43	156	125	118	
39	128	75	242	
53	136	55	250	
57	60	149	198	
47	152	135	102	
59	104	113	122	
43	112	177	126	
61	72	101	222	
83	112	85	134	
43	124	117	162	
73	76	105	174	
57	96	87	202	
45	88	111	238	
37	116	169	166	
39	140	97	210	
53	96	83	242	
57	64	109	238	
43	116	133	158	
31	128	159	186	
37	132	153	142	
41	124	177	126	
35	140	179	130	
45	136	105	150	
51	92	87	234	
49	68	151	230	
51	136	145	102	
51	100	131	138	
45	92	139	174	
35	112	193	170	
47	136	91	162	
67	64	119	194	
45	116	89	206	
69	48	125	270	
49	140	107	126	
39	120	165	138	
69	88	63	254	
69	52	125	234	
63	64	115	218	
43	116	109	198	
63	76	75	230	
25	124	169	230	
35	92	137	274	
49	100	81	266	
41	124	139	142	
69	80	89	198	
53	112	87	174	
65	72	67	230	
49	100	87	238	
83	52	123	226	
63	56	121	266	
37	120	197	138	
57	88	93	190	
75	60	121	206	
81	84	115	142	
83	76	75	218	
31	148	149	154	
51	88	107	182	
27	168	109	222	
45	116	77	258	
41	88	121	318	
71	124	71	146	
59	100	95	166	
69	132	67	162	
73	76	81	218	
71	56	131	218	
39	128	95	218	
53	112	95	170	
31	152	117	214	
37	100	193	170	
43	112	143	158	
83	104	61	194	
43	128	107	162	
39	92	187	198	
45	152	115	134	
45	116	133	146	
27	140	165	198	
41	76	153	234	
29	148	123	226	
31	104	179	238	
73	96	63	214	
47	116	129	142	
65	72	85	222	
37	112	111	254	
79	92	55	230	
77	100	69	194	
71	56	103	242	
31	124	165	198	
49	124	121	134	
43	76	165	222	
51	188	179	70	
39	180	111	154	
39	160	127	138	
59	104	93	154	
47	80	97	270	
47	120	97	178	
59	96	93	174	
53	104	79	198	
61	84	103	174	
67	88	71	206	
59	116	95	146	
57	68	131	198	
33	156	155	138	
43	152	129	118	
41	120	91	226	
47	100	125	182	
47	156	107	134	
53	68	175	182	
69	64	127	182	
51	132	57	282	
61	108	91	146	
67	96	85	158	
61	100	89	166	
37	136	111	206	
63	72	165	170	
65	84	83	198	
69	100	59	218	
61	68	85	254	
57	52	151	290	
47	120	139	130	
61	96	75	214	
61	60	99	254	
35	156	127	154	
65	96	109	138	
55	80	103	214	
59	52	185	242	
29	140	135	190	
67	132	65	166	
65	128	53	226	
49	72	115	250	
71	84	109	154	
39	152	155	102	
39	148	133	130	
41	148	147	110	
37	116	145	170	
47	120	107	146	
39	140	145	130	
53	104	99	186	
85	104	49	226	
43	152	93	170	
35	144	105	190	
41	148	189	94	
63	68	79	242	
59	144	67	150	
53	136	147	90	
51	76	111	246	
51	84	145	166	
43	112	145	150	
85	120	39	242	
69	144	101	106	
63	60	125	198	
43	128	105	166	
45	100	111	194	
45	104	167	146	
57	116	155	98	
57	124	73	178	
39	148	107	166	
31	168	155	122	
25	116	181	266	
37	108	201	166	
45	84	191	178	
59	112	73	182	
59	88	87	182	
35	92	183	234	
53	160	95	134	
51	128	93	142	
45	124	95	174	
29	168	167	114	
51	128	181	98	
41	80	187	198	
53	120	91	166	
47	132	99	170	
49	100	141	138	
53	100	105	154	
43	88	173	178	
53	112	71	210	
59	64	87	282	
63	128	85	142	
49	132	69	186	
45	112	79	250	
37	104	127	238	
41	100	191	166	
41	120	93	198	
51	128	79	182	
41	96	177	178	
33	148	169	138	
41	120	139	162	
67	56	203	186	
53	128	179	90	
67	84	117	150	
75	48	101	270	
61	84	109	170	
57	140	59	198	
39	112	111	238	
55	120	117	118	
57	128	121	110	
71	124	123	98	
43	100	127	194	
81	80	71	210	
67	48	109	310	
37	104	145	206	
43	100	125	198	
41	132	77	226	
47	132	123	126	
41	96	147	190	
67	88	93	178	
45	128	141	118	
53	132	175	90	
45	132	203	98	
45	136	157	102	
47	104	85	222	
53	76	135	178	
27	148	211	150	
37	88	177	206	
55	136	89	150	
81	52	93	266	
57	72	121	206	
49	72	143	218	
55	80	153	166	
59	52	125	330	
37	140	91	234	
49	124	69	230	
43	104	99	258	
29	168	127	170	
47	64	135	326	
49	88	99	230	
37	124	133	186	
35	120	159	186	
45	120	153	114	
27	148	185	166	
47	116	151	122	
41	112	89	250	
29	172	123	170	
31	176	115	186	
47	100	103	202	
55	56	123	326	
35	136	149	154	
55	132	61	210	
53	116	79	186	
49	144	129	110	
61	112	65	230	
57	156	69	170	
67	104	77	166	
69	60	125	190	
33	124	201	166	
35	160	121	154	
55	92	99	170	
57	84	145	154	
45	68	141	298	
53	132	59	218	
65	56	143	214	
27	172	113	210	
87	56	105	230	
27	120	163	222	
29	140	131	222	
77	84	97	170	
35	140	107	218	
49	92	119	194	
33	160	165	118	
55	112	61	242	
51	136	65	194	
29	112	175	226	
31	112	159	230	
39	124	147	158	
53	112	169	114	
63	84	181	138	
41	104	127	210	
41	140	81	210	
33	160	93	234	
45	76	153	214	
39	108	169	158	
53	68	141	214	
69	84	57	278	
31	176	105	210	
33	96	175	226	
25	156	125	266	
47	124	171	102	
29	128	129	258	
49	96	101	206	
47	68	155	222	
63	168	51	198	
71	136	87	114	
63	104	125	114	
59	48	149	326	
31	156	101	226	
39	176	97	170	
39	148	79	226	
57	68	167	182	
49	88	111	210	
49	128	99	154	
33	124	163	178	
49	168	83	154	
61	136	53	210	
89	116	77	134	
61	84	65	318	
63	108	103	126	
41	168	103	154	
63	140	49	218	
55	104	107	142	
41	80	131	242	
45	112	125	166	
49	128	87	174	
45	84	133	218	
39	96	185	186	
73	44	115	286	
75	88	49	278	
69	160	45	210	
57	136	57	218	
65	88	117	138	
53	156	77	162	
73	104	53	246	
47	156	87	162	
55	160	75	162	
57	144	65	174	
77	48	107	246	
63	64	125	186	
35	100	151	230	
55	84	83	246	
53	96	107	166	
43	72	149	254	
69	60	91	270	
59	136	45	290	
53	132	107	134	
63	60	123	242	
47	96	155	146	
45	100	157	158	
41	108	109	214	
73	52	109	262	
71	64	79	258	
49	144	85	154	
63	124	91	126	
67	56	137	202	
47	112	93	186	
43	100	111	202	
41	132	161	114	
25	136	147	226	
77	56	83	262	
31	164	159	122	
33	164	131	138	
35	172	183	106	
39	132	109	174	
49	116	203	106	
45	96	107	222	
31	160	117	190	
43	104	101	230	
81	136	51	186	
47	112	131	142	
35	148	95	234	
61	152	109	102	
81	80	63	226	
71	96	77	182	
75	92	101	150	
51	124	87	178	
43	136	73	234	
47	112	115	158	
71	76	83	194	
61	156	57	194	
53	120	127	122	
51	124	161	102	
67	76	101	182	
47	136	155	94	
83	76	141	150	
33	144	123	182	
31	160	135	158	
53	96	123	142	
47	96	109	198	
69	76	109	174	
45	116	155	126	
27	152	159	174	
29	156	147	178	
63	108	81	150	
43	132	123	142	
29	168	159	142	
47	136	125	118	
49	84	139	182	
45	68	151	274	
77	72	155	154	
47	108	125	154	
59	116	57	250	
59	88	63	290	
25	168	135	170	
41	128	127	158	
31	152	169	146	
35	96	161	222	
79	72	79	226	
67	100	71	174	
85	152	33	274	
45	112	135	158	
47	64	157	282	
45	120	113	162	
49	116	109	154	
27	148	153	214	
41	104	187	150	
39	156	93	186	
41	96	155	182	
89	144	39	222	
53	64	205	202	
57	124	77	174	
57	68	85	274	
27	152	123	194	
57	100	145	122	
37	120	111	210	
53	76	83	294	
61	60	87	318	
67	120	91	126	
45	96	171	162	
49	92	147	150	
63	116	101	130	
65	116	69	178	
49	128	187	94	
31	140	149	178	
83	124	43	230	
67	52	111	282	
53	64	141	238	
35	104	161	210	
55	128	147	90	
57	140	85	142	
25	168	131	202	
35	144	111	170	
35	116	147	194	
61	96	83	174	
55	76	81	270	
43	92	131	210	
39	132	133	150	
37	112	173	166	
53	120	93	154	
69	116	77	146	
75	108	57	226	
73	84	65	218	
47	100	71	290	
37	128	167	142	
75	96	71	194	
37	148	87	198	
55	128	69	190	
53	108	65	234	
41	92	111	278	
43	108	105	222	
51	124	125	118	
79	116	79	134	
59	88	131	142	
65	64	135	174	
57	128	79	150	
41	112	127	190	
59	92	203	126	
49	128	83	182	
71	80	159	134	
37	152	121	154	
51	148	111	118	
65	100	79	162	
65	108	95	138	
31	144	147	174	
71	96	117	134	
39	128	103	198	
41	156	123	130	
39	116	121	190	
47	108	73	266	
59	56	143	222	
43	80	143	230	
83	128	37	270	
57	120	95	130	
71	108	61	214	
31	164	143	130	
31	144	177	150	
57	136	85	146	
57	140	71	174	
29	148	161	174	
27	152	185	158	
35	88	165	262	
51	64	155	222	
35	140	163	138	
79	104	57	206	
33	140	145	170	
31	192	131	158	
37	108	159	194	
37	160	81	258	
35	128	93	298	
33	124	137	214	
39	108	121	230	
61	148	105	110	
35	132	173	146	
43	120	123	158	
39	96	179	194	
31	128	143	202	
61	56	105	306	
47	148	71	186	
47	120	135	134	
53	120	109	126	
71	96	69	206	
45	100	133	170	
51	96	139	150	
57	100	103	146	
89	100	49	214	
35	132	157	154	
49	108	91	186	
37	148	95	182	
55	64	103	262	
73	112	137	98	
59	64	107	222	
25	140	187	194	
75	100	85	150	
51	60	187	238	
39	132	151	134	
53	108	101	166	
95	104	51	202	
47	84	115	218	
51	80	103	234	
45	124	105	162	
39	140	169	110	
37	128	195	122	
41	116	171	146	
57	68	213	178	
39	120	153	150	
37	100	135	230	
49	120	75	214	
43	96	117	214	
39	112	205	154	
43	148	67	250	
51	116	73	214	
71	92	103	146	
39	92	139	242	
51	72	197	186	
33	140	163	158	
47	100	119	190	
49	84	99	254	
63	132	49	266	
31	116	153	226	
31	116	123	278	
75	76	61	238	
55	124	51	314	
57	116	105	142	
49	108	111	150	
37	140	123	166	
29	156	157	166	
53	176	57	218	
49	148	67	194	
31	96	149	258	
39	136	99	194	
49	68	139	258	
57	116	47	334	
53	120	55	306	
41	152	89	174	
51	80	93	274	
55	116	107	138	
43	184	107	146	
65	116	63	202	
87	64	105	206	
65	156	41	282	
51	64	145	266	
45	92	111	234	
35	128	163	158	
47	68	127	262	
69	60	149	182	
49	116	119	146	
81	96	71	178	
81	96	81	170	
47	116	101	182	
45	144	149	102	
37	112	155	182	
75	72	115	166	
67	80	113	158	
45	140	83	194	
81	112	83	142	
71	88	77	194	
53	108	77	222	
29	136	185	166	
47	148	141	86	
77	72	127	158	
49	124	67	254	
35	136	123	198	
37	100	129	258	
51	84	93	230	
47	84	171	162	
59	96	101	158	
57	88	115	162	
65	88	77	214	
31	112	173	202	
71	108	53	230	
59	160	181	70	
53	104	115	134	
51	180	211	66	
77	68	141	166	
55	76	93	250	
33	152	175	114	
53	76	97	238	
69	176	41	226	
41	92	123	222	
85	132	41	206	
37	136	119	190	
57	104	97	154	
61	112	53	266	
67	72	87	206	
45	112	145	146	
29	160	145	170	
69	88	67	214	
45	176	165	86	
75	56	127	198	
51	172	137	86	
59	112	51	274	
77	148	45	234	
95	120	41	218	
81	156	31	302	
35	124	155	178	
69	72	65	282	
67	68	73	258	
33	144	187	122	
57	92	125	150	
77	116	49	226	
75	76	57	282	
71	140	35	310	
79	128	37	294	
75	136	35	310	
45	132	123	138	
67	120	67	182	
31	128	171	170	
75	140	117	94	
41	148	161	98	
45	124	113	158	
71	88	55	274	
75	92	47	298	
61	156	53	206	
45	124	181	106	
63	72	69	310	
49	96	81	294	
61	112	109	110	
35	128	185	150	
77	100	59	210	
45	180	149	90	
61	84	83	206	
47	64	175	258	
65	72	125	162	
75	144	51	174	
27	108	185	278	
77	100	75	166	
67	120	53	230	
71	104	51	254	
39	140	139	146	
45	100	159	154	
41	76	145	278	
37	92	163	230	
73	108	59	202	
59	104	101	142	
71	120	57	178	
41	100	153	186	
55	112	111	130	
65	112	87	134	
29	96	191	286	
57	84	105	190	
71	88	61	238	
77	104	83	150	
69	120	55	222	
39	80	149	258	
57	120	73	182	
53	96	81	266	
49	120	149	106	
63	76	109	194	
49	144	169	90	
33	120	123	246	
71	96	75	190	
51	88	181	150	
55	116	67	218	
49	140	173	90	
29	124	195	186	
57	116	119	122	
39	100	165	202	
63	156	73	142	
61	128	67	174	
73	172	87	106	
77	44	115	270	
69	56	119	246	
83	52	99	242	
39	136	155	118	
45	148	117	134	
71	56	117	226	
39	148	113	146	
39	80	179	238	
41	108	149	158	
63	40	173	358	
35	176	99	210	
45	152	97	154	
69	52	111	266	
43	120	157	126	
63	128	47	274	
81	96	93	146	
61	128	65	182	
47	160	159	82	
75	156	67	142	
27	152	177	162	
49	72	151	198	
69	108	101	134	
59	92	131	138	
55	104	63	242	
71	124	43	266	
57	72	135	186	
73	68	65	282	
67	44	133	326	
43	116	117	174	
41	124	201	118	
79	88	67	206	
61	76	147	170	
51	76	85	286	
57	132	55	250	
41	108	173	150	
43	72	169	238	
73	84	75	210	
45	108	137	150	
53	116	137	106	
27	148	143	218	
77	88	95	166	
59	96	121	130	
65	88	111	150	
45	72	191	210	
35	104	153	218	
57	80	131	170	
69	48	131	258	
45	68	163	258	
63	128	89	118	
39	184	157	94	
27	136	163	210	
33	132	165	162	
43	112	119	174	
57	116	61	222	
51	68	115	246	
51	76	103	278	
47	132	129	122	
59	44	189	330	
51	140	143	98	
61	56	133	258	
45	124	91	194	
35	128	115	206	
47	124	135	118	
49	120	115	142	
23	148	157	198	
31	132	157	194	
45	112	99	210	
77	60	95	238	
33	132	139	178	
41	116	117	194	
41	124	115	178	
51	76	115	234	
41	144	155	110	
65	100	75	190	
49	104	91	210	
35	124	195	150	
65	92	71	202	
71	64	69	270	
83	60	75	258	
41	120	115	194	
37	100	181	198	
31	128	215	162	
77	116	99	118	
47	72	159	190	
35	116	121	230	
37	132	95	246	
71	88	59	262	
51	64	157	218	
39	124	113	194	
33	128	161	178	
77	68	71	254	
41	88	189	190	
45	100	147	166	
55	84	73	294	
69	80	107	166	
55	76	129	190	
61	92	85	174	
63	92	79	194	
63	120	63	198	
53	80	121	206	
87	124	135	90	
61	116	103	126	
49	152	73	170	
51	104	73	246	
65	112	71	178	
55	116	69	214	
47	128	101	170	
57	48	179	330	
51	160	97	134	
59	48	171	266	
57	112	79	174	
47	140	187	90	
51	140	167	90	
65	48	201	234	
49	112	87	214	
39	180	215	78	
59	104	89	162	
43	128	87	222	
73	84	89	186	
79	52	131	206	
39	84	147	246	
45	116	123	154	
81	104	85	146	
45	136	75	214	
45	108	121	178	
39	96	157	206	
39	128	133	166	
75	124	47	222	
71	44	119	294	
55	116	89	166	
85	88	65	214	
41	100	133	206	
45	120	121	142	
49	128	107	138	
59	84	103	182	
49	104	99	202	
45	140	89	182	
61	180	45	234	
55	132	91	146	
67	84	93	182	
47	120	91	186	
55	96	101	166	
81	96	53	242	
41	124	113	186	
49	96	199	138	
41	132	131	134	
83	140	95	102	
51	116	121	134	
49	104	73	274	
47	120	83	194	
31	100	181	234	
71	48	139	242	
45	92	131	202	
57	108	101	150	
45	104	105	194	
55	176	135	78	
69	144	83	130	
35	108	151	210	
37	136	107	214	
65	128	61	178	
51	96	115	166	
57	152	101	110	
59	136	87	118	
71	148	57	170	
73	152	37	274	
37	124	117	206	
49	92	131	154	
43	88	159	186	
59	124	71	150	
69	156	37	298	
29	152	117	270	
71	92	57	254	
29	164	141	174	
29	116	145	266	
39	136	147	126	
43	132	177	106	
43	128	129	142	
43	144	121	138	
55	116	53	306	
57	148	73	162	
29	128	157	226	
39	108	147	190	
69	136	39	302	
53	80	89	254	
69	60	121	214	
55	92	73	250	
57	88	109	166	
89	108	63	182	
73	88	63	230	
83	120	51	210	
53	148	101	130	
37	124	125	190	
53	156	105	126	
61	132	81	134	
55	56	163	258	
37	152	137	130	
45	148	93	170	
33	148	135	154	
75	68	85	222	
79	80	107	162	
63	52	195	210	
63	56	155	218	
31	152	125	178	
47	96	99	234	
35	116	135	226	
51	120	131	118	
63	104	103	134	
33	140	109	186	
51	148	117	110	
63	72	101	218	
41	112	141	166	
57	156	81	142	
59	152	63	182	
65	120	55	230	
45	100	129	174	
33	92	185	246	
37	116	129	194	
57	136	77	158	
65	52	127	286	
61	92	171	126	
33	108	191	190	
41	96	131	218	
41	176	125	122	
41	108	101	258	
29	132	181	178	
33	112	157	206	
57	56	179	218	
45	116	139	134	
49	132	131	110	
47	124	123	134	
39	120	141	166	
57	100	87	190	
33	104	151	246	
67	108	49	302	
29	172	137	146	
61	88	145	138	
49	84	133	198	
43	124	161	118	
37	140	151	146	
25	160	207	174	
39	156	81	222	
47	116	113	158	
51	80	121	214	
55	72	143	194	
41	120	147	146	
51	76	143	186	
57	64	139	198	
49	112	135	118	
51	68	179	190	
49	176	61	234	
61	88	73	218	
81	104	65	198	
47	168	95	154	
59	160	77	134	
43	88	139	198	
45	80	143	202	
37	128	149	162	
65	92	75	194	
55	100	91	178	
45	152	77	186	
27	156	219	146	
41	144	197	98	
59	120	121	114	
55	132	143	90	
63	104	85	166	
49	152	123	94	
59	60	133	226	
39	100	117	254	
61	120	81	150	
43	92	107	246	
45	80	155	186	
49	172	163	78	
37	124	171	150	
43	120	133	150	
35	144	175	130	
45	144	113	146	
71	60	115	214	
45	120	151	122	
75	72	107	182	
55	108	89	174	
59	128	99	122	
65	104	135	110	
63	144	95	110	
37	124	155	162	
35	88	159	266	
53	84	131	170	
67	116	45	266	
37	148	147	126	
63	100	117	122	
49	68	155	210	
41	72	183	254	
55	160	49	242	
55	128	91	154	
67	120	97	118	
39	88	161	234	
29	148	143	186	
37	108	181	174	
59	68	159	182	
31	152	189	134	
73	48	111	266	
47	128	91	178	
43	144	131	126	
69	132	129	90	
33	160	127	162	
77	136	75	134	
51	96	165	138	
39	148	143	126	
45	164	113	122	
43	144	137	114	
69	40	159	350	
69	44	129	290	
35	144	141	150	
53	60	121	326	
65	48	131	306	
39	108	149	174	
83	92	69	202	
55	52	165	298	
47	72	147	234	
49	164	89	138	
27	104	187	274	
27	140	157	206	
49	92	105	222	
51	84	131	174	
39	116	183	142	
53	124	71	194	
55	92	117	162	
45	108	175	134	
57	88	121	154	
73	112	77	146	
51	124	65	242	
49	104	111	170	
57	148	101	114	
57	124	89	146	
45	104	127	174	
57	52	133	358	
75	92	91	158	
35	120	145	194	
43	108	129	166	
45	100	95	258	
51	108	107	162	
49	96	99	210	
55	96	85	206	
49	148	75	178	
83	52	87	306	
57	76	109	202	
81	60	119	194	
75	120	127	102	
37	128	179	130	
71	56	81	318	
31	132	125	218	
53	60	133	322	
55	96	119	154	
51	140	57	250	
43	104	125	186	
59	116	83	154	
59	112	67	230	
67	64	79	274	
55	112	97	162	
61	48	157	278	
43	136	147	110	
43	120	135	146	
63	52	107	306	
45	104	139	166	
65	48	113	354	
25	128	201	226	
75	72	97	186	
57	156	61	186	
41	132	155	126	
43	116	143	142	
73	100	87	146	
67	148	55	182	
37	88	141	270	
41	152	97	158	
41	92	181	186	
55	148	73	174	
37	84	163	262	
51	148	81	162	
63	96	145	122	
69	68	77	254	
59	128	105	114	
39	132	181	110	
45	84	105	262	
45	172	187	74	
43	156	235	86	
47	152	79	178	
33	124	147	186	
47	136	115	142	
65	100	129	114	
31	100	179	246	
51	60	123	342	
29	136	159	186	
31	104	157	254	
33	112	143	254	
31	124	143	222	
45	96	91	298	
29	140	157	186	
61	40	187	390	
31	156	163	138	
41	128	121	162	
23	148	183	182	
35	112	145	214	
33	120	175	174	
29	148	153	178	
35	124	171	166	
31	120	165	214	
29	108	189	262	
77	68	107	178	
43	112	111	182	
53	140	109	118	
39	124	139	166	
57	44	203	362	
37	128	155	158	
43	124	123	150	
63	96	139	126	
29	156	113	270	
31	160	113	210	
67	80	77	214	
73	80	61	246	
49	124	93	182	
33	104	143	282	
31	124	167	178	
51	144	113	122	
39	140	115	150	
65	140	43	290	
45	92	115	206	
45	132	87	206	
61	56	163	206	
39	160	159	94	
61	60	187	194	
57	84	93	214	
47	80	177	174	
55	100	59	314	
57	80	145	166	
39	92	145	238	
63	156	45	234	
65	64	79	278	
37	112	117	250	
27	136	191	190	
25	168	221	154	
35	148	165	118	
33	152	159	122	
87	144	125	82	
43	128	137	130	
35	172	119	166	
63	100	51	274	
77	168	139	74	
45	188	141	102	
33	116	145	210	
63	44	155	294	
47	80	143	190	
45	88	103	246	
35	124	121	202	
51	80	105	230	
63	68	121	186	
55	52	167	294	
29	116	149	250	
63	100	59	258	
51	76	129	218	
49	76	139	210	
51	104	63	250	
47	92	91	262	
51	124	67	234	
51	56	183	266	
53	80	109	218	
29	136	211	150	
29	128	155	234	
57	108	123	126	
59	80	143	166	
43	120	109	182	
31	132	187	166	
33	132	191	138	
33	136	223	134	
53	80	97	230	
51	88	123	178	
75	148	103	98	
29	124	147	250	
49	80	145	186	
47	104	113	178	
53	72	115	234	
47	68	189	210	
65	84	63	274	
43	76	199	218	
55	112	103	150	
59	96	75	226	
23	144	171	218	
39	104	181	170	
41	76	151	258	
53	136	85	162	
35	96	173	202	
33	128	155	182	
29	112	171	242	
67	104	61	222	
57	96	147	130	
61	48	149	286	
69	48	175	234	
39	100	175	178	
35	116	177	170	
33	156	147	146	
43	196	83	206	
41	116	79	290	
39	92	133	258	
31	124	125	254	
45	96	81	314	
37	108	179	182	
45	152	167	86	
57	108	55	266	
51	88	105	206	
73	76	155	146	
77	96	61	230	
77	72	93	194	
27	116	165	270	
67	144	75	142	
75	48	149	230	
63	136	69	158	
81	92	47	254	
69	116	57	210	
45	160	143	98	
41	140	173	106	
43	164	167	82	
39	84	171	226	
53	112	97	166	
49	80	117	226	
35	140	135	162	
33	136	155	174	
55	56	145	282	
81	76	57	238	
29	100	181	266	
73	56	115	214	
57	128	117	114	
73	60	87	262	
61	112	47	334	
37	160	181	98	
51	124	99	154	
37	108	123	254	
39	124	141	162	
41	100	205	154	
37	116	205	154	
77	88	57	262	
47	64	195	242	
33	136	175	158	
61	104	105	130	
35	120	173	170	
51	92	81	282	
51	60	167	270	
59	76	67	262	
59	88	129	150	
51	76	75	302	
67	80	61	270	
45	80	199	182	
49	148	121	122	
47	172	75	178	
71	112	47	274	
57	76	119	198	
91	92	67	202	
45	108	153	146	
63	52	145	242	
81	112	45	226	
73	80	141	146	
43	108	99	254	
63	72	95	226	
87	116	47	214	
39	112	113	218	
41	128	157	126	
53	100	101	182	
55	124	81	166	
65	76	83	214	
69	172	111	90	
53	96	73	274	
57	132	49	282	
53	80	77	286	
49	64	157	274	
65	144	125	90	
39	120	131	178	
39	124	89	302	
37	128	157	154	
65	124	57	210	
51	112	77	202	
43	112	165	138	
69	124	57	202	
41	160	85	194	
43	68	157	338	
35	124	143	186	
91	96	67	190	
29	132	139	242	
29	136	151	210	
51	96	101	186	
81	76	155	142	
69	92	155	118	
33	128	167	170	
61	132	55	242	
55	92	83	222	
49	128	95	170	
69	60	105	222	
63	76	113	186	
59	88	101	174	
49	196	65	218	
59	152	51	226	
43	72	145	278	
63	132	79	142	
37	140	105	190	
45	108	169	142	
65	56	127	234	
69	96	67	210	
65	80	59	278	
49	88	89	246	
49	64	147	294	
37	168	127	138	
37	140	109	178	
37	144	111	162	
51	124	79	190	
43	108	117	194	
45	104	97	230	
39	104	131	222	
63	104	61	238	
57	88	105	170	
47	92	125	194	
55	148	65	186	
35	160	97	214	
33	180	221	102	
57	80	97	202	
43	96	135	198	
33	104	157	218	
55	136	81	162	
45	96	149	166	
49	104	131	142	
33	100	171	238	
71	164	47	190	
53	88	141	158	
37	144	139	134	
59	72	121	186	
79	100	69	182	
75	132	49	198	
79	108	45	246	
41	136	113	158	
67	152	69	138	
47	80	115	234	
47	88	109	222	
53	84	87	242	
53	56	161	286	
49	76	127	222	
55	140	87	150	
47	96	105	202	
53	100	75	258	
77	148	59	150	
37	132	137	166	
69	108	65	214	
37	132	127	170	
73	52	193	194	
73	100	49	286	
59	124	93	134	
45	116	113	166	
55	68	117	238	
65	116	55	234	
67	152	51	210	
49	132	91	170	
63	100	163	114	
67	60	87	294	
47	112	171	130	
65	44	141	306	
29	108	171	294	
87	100	57	198	
47	100	181	142	
27	112	195	270	
31	148	111	246	
31	144	169	154	
67	64	111	210	
25	164	149	198	
33	116	171	182	
55	144	85	138	
43	80	151	214	
77	88	111	142	
55	48	175	378	
43	100	183	146	
39	168	103	170	
47	96	93	246	
79	116	51	218	
79	100	61	202	
31	172	117	186	
59	128	113	102	
83	96	69	194	
79	132	79	126	
85	84	93	174	
41	76	163	230	
57	100	101	162	
49	108	107	170	
41	144	147	118	
37	96	169	202	
49	112	69	282	
29	168	107	254	
77	124	59	166	
69	128	137	86	
67	148	47	218	
45	132	67	258	
33	120	141	202	
73	96	51	262	
47	128	163	106	
35	128	145	170	
29	124	191	190	
77	48	95	310	
55	60	133	238	
45	112	75	294	
29	132	141	238	
51	100	113	174	
61	96	77	198	
49	92	77	318	
51	128	65	238	
45	88	179	158	
53	88	85	222	
51	128	67	194	
53	144	53	258	
63	64	85	238	
43	128	75	234	
57	72	85	254	
45	124	143	130	
65	124	103	102	
59	60	103	262	
35	84	187	254	
75	76	69	222	
83	144	35	242	
55	96	59	318	
37	144	133	146	
73	140	39	274	
57	96	65	270	
77	84	79	206	
55	100	63	290	
53	68	165	206	
79	96	69	202	
61	80	133	166	
75	44	169	234	
69	48	153	242	
51	148	71	178	
25	152	167	194	
53	128	87	166	
75	120	43	242	
41	136	145	126	
51	104	95	206	
57	88	147	146	
47	152	63	234	
47	76	151	206	
39	100	141	210	
41	124	133	154	
31	156	143	154	
59	68	105	238	
57	52	147	318	
55	88	179	146	
73	128	43	238	
31	148	223	134	
49	152	169	82	
69	104	49	294	
63	88	113	150	
79	148	39	230	
61	68	117	198	
35	136	171	134	
41	128	73	274	
53	60	157	254	
69	60	81	282	
77	160	35	290	
69	144	43	262	
37	176	107	170	
37	120	137	178	
43	108	123	170	
35	168	157	114	
55	80	107	194	
75	92	59	238	
75	68	143	166	
91	52	149	194	
45	104	125	178	
43	136	135	126	
55	112	93	170	
51	116	115	146	
57	100	129	126	
63	84	65	254	
61	80	69	246	
71	56	155	186	
79	88	47	298	
59	100	77	214	
39	164	123	130	
49	152	105	142	
75	52	169	194	
63	76	67	254	
45	168	107	138	
53	176	101	126	
45	84	135	214	
49	96	91	226	
51	148	89	142	
49	68	143	254	
69	56	83	314	
59	68	101	246	
73	124	49	218	
33	176	119	170	
49	112	77	218	
41	116	85	274	
69	48	117	302	
53	124	83	182	
73	52	83	314	
51	92	123	166	
41	120	117	186	
75	156	57	158	
51	80	153	182	
53	64	111	286	
35	152	165	110	
77	88	89	174	
35	128	167	154	
47	108	79	234	
29	152	161	166	
53	60	139	274	
57	68	103	246	
69	48	101	338	
79	172	49	174	
35	124	179	162	
53	160	99	130	
45	88	93	262	
63	116	95	138	
81	164	129	78	
69	132	51	234	
55	64	93	278	
83	92	97	154	
65	84	147	134	
67	112	65	190	
51	136	73	178	
43	136	81	218	
37	140	131	158	
55	60	143	222	
43	84	121	310	
55	164	67	178	
57	152	133	86	
59	128	57	198	
61	64	85	346	
49	72	103	350	
59	84	71	250	
37	136	195	118	
33	156	153	142	
31	144	153	162	
53	68	91	366	
35	128	161	162	
79	88	151	126	
67	72	63	290	
73	180	167	66	
41	120	209	122	
65	164	143	74	
79	120	39	286	
79	84	73	214	
55	156	107	102	
79	156	155	74	
35	156	131	150	
61	108	67	210	
65	152	125	86	
55	84	151	162	
57	108	113	134	
41	88	167	198	
49	56	147	382	
57	60	111	286	
71	148	109	98	
65	144	55	198	
55	152	171	78	
43	96	177	170	
59	92	109	142	
55	112	133	106	
57	116	87	150	
47	116	131	138	
69	64	77	274	
69	156	67	146	
35	156	133	146	
67	60	79	310	
65	148	53	190	
33	136	111	238	
67	56	107	262	
41	116	97	246	
67	116	49	238	
33	116	117	330	
57	76	153	170	
57	76	141	174	
57	84	117	170	
39	156	149	114	
73	40	123	310	
67	88	53	306	
55	108	71	194	
69	56	159	194	
47	104	157	142	
63	76	65	278	
55	76	73	318	
53	52	155	366	
83	104	157	106	
63	108	65	226	
31	124	139	238	
63	164	55	202	
51	56	125	366	
61	92	117	138	
73	164	109	94	
49	152	119	122	
67	88	133	130	
65	128	45	274	
59	56	161	214	
47	112	109	174	
55	100	73	246	
63	116	71	182	
45	124	73	274	
57	56	151	246	
43	72	157	250	
65	76	99	198	
37	104	171	198	
71	148	127	82	
69	108	67	186	
63	84	61	282	
49	84	157	162	
79	44	143	250	
61	52	135	274	
73	84	53	270	
39	104	137	198	
73	132	39	302	
33	140	167	154	
25	152	141	218	
51	148	139	86	
55	152	51	234	
55	92	87	206	
67	48	107	366	
47	72	151	230	
59	52	137	302	
71	116	103	118	
87	128	131	90	
65	60	81	310	
29	124	169	202	
51	116	99	162	
39	112	153	170	
51	124	105	150	
43	116	107	202	
51	84	119	182	
37	108	127	218	
35	168	121	146	
63	52	129	294	
29	152	173	138	
57	96	75	234	
51	52	201	330	
51	116	169	106	
49	88	113	206	
57	64	189	190	
45	148	95	166	
61	48	179	250	
49	140	77	170	
43	116	141	154	
35	120	191	158	
57	152	161	78	
55	100	177	122	
73	80	111	162	
41	156	117	138	
63	48	127	342	
67	44	135	318	
33	140	151	162	
61	120	107	114	
75	80	123	154	
45	64	155	334	
49	140	137	106	
39	104	165	178	
43	140	95	170	
65	56	99	310	
69	84	107	162	
31	180	191	106	
57	52	165	258	
67	96	101	146	
51	172	183	74	
53	92	165	146	
77	100	49	270	
27	164	157	178	
49	144	135	102	
65	112	49	258	
49	76	105	270	
27	172	135	162	
39	152	129	138	
65	92	57	326	
29	116	135	318	
61	132	45	298	
51	128	85	178	
43	144	133	122	
27	156	121	258	
37	168	147	114	
31	124	121	310	
83	112	75	146	
71	76	111	166	
59	52	111	342	
75	44	141	262	
35	108	159	206	
55	144	103	122	
57	56	109	342	
81	40	165	282	
49	84	127	210	
41	92	153	210	
59	48	137	354	
79	140	119	86	
63	76	121	182	
55	164	81	138	
75	168	73	134	
83	136	163	82	
61	180	119	86	
67	172	117	94	
63	128	43	298	
49	64	163	246	
43	100	153	162	
51	72	141	218	
73	68	133	170	
69	124	41	326	
79	152	133	78	
31	120	171	202	
57	152	95	126	
59	68	145	186	
87	140	37	242	
55	100	87	202	
43	116	91	234	
43	88	129	238	
51	100	71	282	
57	84	121	166	
53	112	79	194	
41	100	113	226	
87	76	153	138	
53	68	127	238	
61	156	161	70	
53	72	99	286	
63	80	133	162	
55	76	169	166	
47	72	105	278	
57	148	75	150	
55	136	55	226	
55	112	51	326	
59	100	57	318	
43	164	149	98	
39	80	155	254	
47	92	105	230	
59	140	51	266	
75	152	139	78	
71	64	115	182	
53	168	93	130	
97	128	37	254	
59	100	69	246	
65	48	133	274	
55	144	111	106	
53	100	211	126	
27	144	151	218	
79	136	53	186	
45	116	117	158	
39	176	177	90	
59	116	109	122	
53	96	89	210	
45	140	127	126	
49	136	125	114	
75	140	77	126	
81	120	61	170	
47	80	135	214	
55	84	95	194	
79	128	77	142	
69	132	87	130	
33	144	165	146	
61	124	101	126	
41	116	99	230	
53	100	161	130	
51	140	101	134	
53	140	99	134	
57	44	195	370	
63	160	39	322	
37	132	119	194	
85	92	57	222	
63	100	81	178	
49	68	171	206	
73	84	135	138	
71	68	63	290	
83	84	95	174	
63	84	129	150	
27	172	121	194	
71	96	79	174	
79	80	91	186	
29	168	163	138	
41	92	197	182	
43	88	117	242	
49	148	207	82	
61	56	107	278	
61	84	127	158	
51	56	159	338	
39	100	167	198	
55	132	95	138	
47	156	73	182	
31	124	159	218	
57	132	103	126	
77	160	99	98	
81	64	105	210	
45	104	147	162	
57	80	75	254	
47	104	175	130	
39	104	153	182	
53	92	71	310	
67	96	95	150	
59	108	57	258	
71	84	77	210	
39	136	125	166	
67	84	55	286	
83	116	39	286	
89	128	117	94	
43	148	79	218	
41	128	133	150	
85	76	141	146	
67	104	57	262	
55	160	101	118	
63	64	79	310	
41	156	137	110	
67	104	91	154	
47	116	143	130	
55	144	91	134	
47	92	163	158	
93	40	177	254	
53	84	97	222	
33	128	187	146	
27	148	169	182	
51	108	109	158	
45	116	109	186	
37	132	191	126	
53	184	67	186	
75	116	59	182	
59	160	59	194	
61	76	95	206	
29	164	161	154	
25	164	175	190	
57	92	95	178	
73	164	35	290	
53	64	119	278	
55	120	87	162	
73	172	137	74	
71	192	151	66	
47	152	121	118	
69	168	107	94	
75	92	51	254	
49	156	117	110	
57	56	145	274	
85	108	47	238	
65	108	67	194	
53	76	183	166	
59	132	53	258	
89	116	39	230	
63	68	71	282	
37	124	153	166	
55	120	83	178	
45	120	133	138	
63	60	97	302	
61	52	149	246	
61	56	169	198	
23	156	191	178	
53	60	161	246	
53	80	87	270	
73	56	79	318	
45	84	139	206	
41	92	165	190	
77	120	175	90	
79	116	153	90	
73	92	73	194	
61	108	131	114	
43	108	173	142	
63	48	135	314	
57	176	131	86	
69	56	87	278	
67	96	151	118	
79	96	107	130	
49	96	71	310	
73	100	193	110	
69	96	161	114	
79	120	63	158	
71	44	205	262	
73	104	199	106	
59	148	141	78	
27	188	113	206	
41	96	109	282	
31	152	115	234	
67	144	151	78	
49	72	113	270	
43	120	163	118	
61	64	131	198	
63	64	123	214	
65	52	129	274	
49	80	135	198	
45	140	129	118	
41	148	127	138	
47	136	63	266	
61	108	55	254	
63	144	57	182	
55	72	97	238	
41	112	187	130	
57	64	101	270	
45	76	119	310	
43	96	101	266	
51	52	155	386	
33	140	107	238	
49	56	159	366	
65	84	99	178	
59	116	127	114	
57	80	67	318	
69	84	129	142	
47	92	139	166	
57	100	55	326	
75	132	53	194	
65	116	97	130	
69	104	89	154	
73	120	51	230	
71	124	47	230	
55	52	127	370	
73	136	41	246	
63	116	65	210	
57	92	69	278	
67	56	97	306	
33	144	137	166	
59	84	109	178	
69	112	67	182	
53	148	157	82	
43	88	135	230	
85	120	43	218	
79	48	135	226	
53	132	79	170	
43	108	163	146	
61	96	55	266	
85	52	189	190	
63	68	197	166	
59	104	59	246	
53	132	121	122	
47	76	137	226	
55	76	111	214	
53	84	107	206	
53	56	191	250	
31	120	191	190	
35	116	151	190	
49	60	129	346	
53	80	207	158	
41	144	111	154	
65	76	105	194	
55	80	105	210	
73	132	51	202	
55	132	87	154	
55	48	185	358	
59	80	145	158	
57	52	149	302	
37	136	167	122	
35	144	155	138	
55	108	69	218	
37	96	187	198	
55	88	105	190	
61	76	87	230	
71	56	135	210	
77	52	151	202	
35	108	177	186	
31	112	137	318	
27	160	181	150	
35	120	115	238	
33	116	193	170	
39	124	107	214	
29	144	181	170	
43	124	155	134	
31	140	169	174	
41	164	109	154	
41	100	137	198	
37	100	155	226	
55	76	103	234	
31	120	181	198	
25	132	177	226	
53	124	77	190	
65	120	83	134	
51	68	173	198	
45	92	133	194	
61	68	93	230	
43	112	105	210	
61	108	75	174	
41	104	165	166	
53	76	105	230	
63	84	121	158	
41	128	147	134	
67	76	119	166	
53	88	119	170	
77	116	47	242	
55	140	79	162	
33	196	115	178	
77	132	37	258	
59	72	117	206	
73	100	55	234	
43	68	159	314	
59	100	61	278	
29	160	129	178	
39	88	171	214	
31	112	197	198	
75	108	97	130	
27	128	145	254	
41	80	175	226	
81	96	69	198	
43	108	77	266	
43	140	165	106	
59	72	199	158	
67	48	147	254	
45	80	119	298	
83	44	211	230	
85	104	53	202	
43	92	201	174	
77	48	207	202	
49	60	123	366	
47	64	127	346	
55	76	75	294	
63	128	149	86	
29	164	159	162	
81	40	173	262	
57	84	191	150	
63	56	101	342	
95	36	207	266	
51	148	131	106	
75	100	107	130	
43	100	179	154	
55	104	141	118	
69	144	69	138	
67	44	183	278	
79	88	83	186	
81	68	81	222	
81	96	55	210	
47	100	93	226	
65	140	59	178	
65	152	75	146	
65	60	99	238	
79	72	57	282	
81	136	45	194	
35	108	175	194	
41	108	93	286	
49	60	191	250	
73	104	49	270	
73	84	141	134	
63	124	89	138	
81	112	61	194	
43	168	71	234	
35	144	145	146	
39	104	123	226	
51	92	93	214	
77	80	145	134	
59	84	129	158	
59	112	99	146	
47	76	119	230	
45	96	123	198	
51	112	103	174	
69	68	81	238	
43	112	99	226	
65	132	47	266	
55	96	151	126	
63	80	155	142	
53	164	61	202	
67	84	125	146	
69	108	51	266	
77	124	39	250	
51	148	189	82	
57	48	153	358	
59	96	83	198	
59	88	79	222	
51	88	87	262	
45	172	81	170	
81	52	157	198	
43	132	89	186	
69	152	101	102	
67	144	39	298	
55	128	53	294	
57	72	123	198	
39	108	135	210	
57	88	81	206	
57	92	187	134	
57	76	87	246	
55	92	89	198	
37	108	155	202	
49	80	89	286	
53	120	73	194	
45	64	161	314	
47	60	157	334	
41	128	89	222	
57	48	165	334	
49	64	121	342	
65	140	45	254	
55	120	95	142	
67	104	59	242	
49	60	177	258	
51	56	149	354	
47	116	109	166	
59	84	189	146	
77	48	143	218	
61	100	67	246	
69	68	139	170	
33	136	181	138	
73	52	167	202	
51	160	87	146	
67	124	43	274	
67	108	163	106	
65	52	141	246	
61	60	123	246	
47	92	95	246	
37	104	119	266	
79	88	107	154	
67	52	139	242	
73	132	81	130	
51	160	83	154	
47	92	165	150	
61	88	59	310	
49	100	65	342	
33	172	117	182	
39	92	147	234	
71	84	103	170	
63	88	145	134	
59	140	131	90	
29	132	177	198	
73	88	59	254	
67	84	81	206	
37	164	125	150	
39	116	137	186	
61	112	97	138	
47	64	147	306	
41	148	99	170	
71	144	51	214	
55	80	87	262	
55	132	83	162	
41	96	143	198	
43	168	101	154	
45	144	121	130	
53	96	63	306	
81	76	89	182	
51	108	81	198	
59	48	151	302	
57	92	59	310	
47	144	115	134	
53	104	57	302	
27	156	141	186	
43	116	169	130	
61	84	119	162	
53	116	93	170	
27	124	139	298	
37	80	187	250	
45	148	65	282	
65	172	65	162	
77	92	63	226	
41	180	193	82	
47	124	103	170	
53	56	131	350	
53	156	209	74	
45	112	89	242	
43	144	119	142	
29	120	141	298	
51	140	83	162	
69	124	141	86	
73	92	93	162	
57	136	105	114	
59	84	63	326	
27	124	159	282	
41	132	121	154	
65	68	77	274	
55	72	85	286	
49	84	103	246	
45	68	201	250	
39	112	125	202	
39	92	163	222	
23	156	165	194	
87	36	157	314	
55	100	77	230	
65	80	141	154	
49	84	129	206	
73	68	87	230	
49	76	95	286	
59	156	49	242	
31	140	119	230	
65	180	95	102	
63	176	113	94	
63	84	133	146	
55	100	129	130	
77	120	119	106	
51	156	229	78	
67	116	85	146	
75	104	99	138	
65	120	159	94	
49	56	161	350	
67	132	47	246	
29	180	107	234	
43	116	95	230	
35	164	93	214	
53	60	137	298	
39	160	101	174	
33	164	105	206	
53	68	99	318	
65	48	145	262	
33	104	179	202	
79	120	47	222	
43	120	187	114	
65	140	77	146	
53	88	179	150	
67	116	99	126	
57	100	73	234	
61	112	57	234	
61	44	207	314	
51	112	61	282	
51	88	83	266	
47	108	69	322	
35	92	191	226	
35	112	167	186	
61	44	141	370	
59	48	145	350	
57	88	171	142	
65	84	111	166	
63	52	143	262	
49	104	167	126	
63	148	99	106	
57	48	157	342	
55	136	111	122	
29	160	117	218	
57	80	125	186	
79	36	147	330	
89	40	203	238	
81	40	193	254	
57	72	165	174	
31	136	201	158	
59	100	91	174	
55	72	111	222	
51	88	135	166	
47	108	149	142	
55	104	93	174	
49	104	143	130	
79	144	67	138	
53	72	89	302	
53	84	111	190	
45	132	77	222	
27	148	121	286	
59	140	81	134	
59	56	117	334	
49	76	167	182	
87	44	213	218	
55	48	151	386	
59	80	119	182	
41	128	111	182	
81	96	65	202	
55	56	183	242	
45	88	167	178	
61	48	133	346	
53	120	197	102	
57	184	151	70	
87	36	197	282	
47	100	85	270	
41	80	123	286	
45	68	131	366	
51	100	97	202	
51	100	85	262	
35	144	153	142	
43	72	135	346	
53	72	145	198	
67	80	95	202	
41	100	161	174	
65	144	133	82	
61	100	139	118	
63	148	47	226	
45	136	195	94	
37	152	209	106	
57	84	113	186	
53	124	107	138	
43	120	105	186	
53	68	107	262	
65	136	169	78	
67	80	73	222	
61	152	77	134	
37	128	129	174	
41	108	123	202	
39	124	99	226	
63	44	135	330	
53	96	193	130	
67	48	127	290	
57	128	77	170	
49	76	111	254	
57	120	83	166	
73	156	135	78	
53	124	87	170	
65	68	69	290	
47	56	187	354	
49	100	173	134	
53	140	121	114	
69	56	111	250	
71	60	151	166	
59	84	113	174	
63	140	63	178	
77	112	51	246	
55	92	129	142	
53	56	145	322	
57	52	125	374	
55	132	103	134	
35	120	123	222	
57	108	49	326	
53	96	71	290	
47	60	151	362	
45	168	71	194	
49	64	161	250	
35	120	183	166	
51	124	85	182	
71	140	81	130	
27	144	191	186	
33	164	121	182	
39	108	131	214	
57	128	59	250	
37	112	139	206	
47	180	209	70	
49	120	103	166	
47	60	147	378	
59	92	155	134	
51	76	171	178	
85	40	167	270	
53	152	63	202	
77	112	45	258	
93	44	169	230	
51	172	115	114	
45	108	85	258	
35	128	133	174	
63	188	145	70	
65	64	117	210	
61	44	149	362	
75	92	89	170	
39	108	95	322	
45	88	89	310	
37	108	139	214	
79	60	113	218	
75	76	161	142	
33	116	131	246	
73	116	157	94	
49	64	185	230	
69	136	71	146	
73	72	111	186	
71	112	63	194	
83	72	123	162	
75	80	133	142	
33	184	163	118	
65	88	109	154	
45	148	111	146	
61	40	179	398	
63	80	121	178	
33	132	105	302	
87	40	149	290	
57	96	137	138	
37	84	165	258	
79	132	97	110	
53	172	85	150	
71	112	61	202	
53	128	61	250	
75	84	153	126	
31	136	177	162	
51	132	151	98	
79	116	41	266	
51	76	177	174	
69	136	41	266	
59	112	83	166	
37	144	103	190	
57	68	165	186	
67	40	173	346	
51	168	197	78	
83	108	53	218	
65	160	99	102	
61	56	103	346	
53	76	175	174	
43	72	129	366	
47	80	175	178	
55	128	75	186	
57	100	71	258	
35	112	153	206	
49	124	101	166	
45	124	79	242	
37	148	217	110	
63	80	105	182	
43	136	103	174	
67	76	207	142	
67	120	59	226	
33	140	199	134	
45	60	181	346	
71	128	53	210	
83	64	193	146	
77	116	43	286	
35	112	163	198	
51	84	191	154	
37	140	97	226	
55	168	165	78	
53	152	107	122	
67	76	129	158	
81	116	67	158	
57	92	67	294	
49	112	177	110	
61	152	49	226	
67	136	121	94	
39	92	189	190	
75	108	87	142	
71	52	153	214	
49	60	161	302	
57	160	89	130	
67	140	85	130	
69	168	51	182	
29	116	143	302	
41	68	183	326	
41	72	161	334	
87	80	105	166	
51	112	101	178	
45	64	151	358	
45	116	187	118	
37	120	91	274	
35	120	107	294	
75	104	45	294	
35	140	87	282	
45	120	137	134	
45	64	171	310	
47	60	177	318	
47	60	165	330	
67	108	53	258	
53	92	167	142	
77	88	103	158	
27	148	125	266	
69	152	171	70	
41	72	155	338	
45	68	139	322	
31	152	215	130	
41	76	133	346	
87	120	69	146	
73	136	125	86	
39	92	125	298	
37	84	143	354	
47	60	153	358	
65	132	55	218	
37	80	165	346	
49	56	149	378	
35	108	197	182	
37	76	193	334	
89	108	139	106	
45	148	97	158	
37	140	185	118	
75	84	101	166	
63	48	165	262	
61	60	143	214	
75	128	61	158	
45	160	111	134	
69	108	109	122	
35	136	109	214	
67	60	115	230	
35	84	157	338	
61	84	165	146	
73	52	119	234	
73	140	75	138	
65	168	131	78	
33	96	141	322	
57	52	179	250	
59	56	121	310	
27	144	141	234	
37	80	171	342	
55	132	115	118	
51	128	119	134	
95	44	207	226	
85	84	101	158	
49	128	157	102	
69	120	45	246	
53	156	53	234	
33	100	161	242	
53	60	135	310	
61	96	63	250	
35	164	101	198	
69	96	105	142	
67	112	145	102	
69	44	139	282	
41	188	201	78	
81	44	157	238	
91	44	149	234	
91	124	45	206	
47	112	189	122	
61	76	171	158	
85	52	119	230	
69	96	93	154	
43	120	193	110	
53	92	171	138	
55	80	173	154	
33	104	139	354	
45	64	185	282	
47	148	109	138	
71	140	39	298	
31	112	145	302	
43	84	117	358	
43	140	127	138	
89	48	203	198	
57	100	119	134	
69	76	171	146	
57	108	179	106	
71	72	183	142	
57	96	105	154	
69	164	133	78	
73	148	55	166	
53	60	149	262	
39	100	107	270	
69	80	143	138	
85	92	97	146	
77	136	71	142	
31	148	137	182	
71	108	153	106	
31	140	109	282	
33	136	105	266	
51	132	113	134	
71	52	127	226	
53	64	137	270	
69	128	53	222	
27	144	217	182	
43	84	147	218	
59	128	47	282	
59	96	71	246	
35	112	143	230	
27	140	133	314	
33	92	169	310	
61	120	73	174	
67	116	57	230	
53	132	91	154	
55	108	121	130	
43	64	179	346	
47	156	81	166	
69	56	127	226	
75	52	135	222	
35	124	169	174	
45	60	191	334	
79	80	99	170	
39	136	219	106	
47	160	111	130	
47	180	109	130	
61	64	167	182	
57	68	147	194	
35	120	185	162	
53	100	77	250	
75	68	197	150	
51	68	105	350	
67	52	125	270	
39	144	101	190	
49	120	95	174	
91	108	55	190	
43	64	185	326	
63	108	73	190	
65	96	79	182	
75	144	47	218	
57	60	103	346	
43	68	179	274	
49	100	125	158	
85	80	87	186	
29	108	163	298	
57	84	197	146	
37	116	107	258	
61	120	91	142	
61	52	117	318	
47	88	141	190	
45	100	165	150	
55	52	193	282	
55	56	181	250	
37	164	109	170	
35	148	103	210	
51	52	167	358	
61	124	127	106	
71	72	139	158	
53	104	177	122	
49	156	101	146	
63	112	149	102	
37	140	119	174	
47	148	99	154	
75	40	153	294	
71	52	99	326	
67	52	99	338	
43	68	169	310	
53	52	169	330	
53	80	131	198	
43	72	137	322	
65	128	41	326	
29	144	219	146	
79	56	103	238	
65	60	139	194	
75	112	57	214	
77	124	67	150	
75	100	177	106	
55	64	169	214	
37	160	103	174	
33	84	177	330	
43	164	93	158	
67	88	65	250	
61	104	49	326	
51	64	153	242	
49	76	115	246	
43	104	89	322	
39	76	177	246	
57	64	131	226	
65	52	159	222	
65	60	123	222	
61	108	89	150	
47	100	187	138	
53	84	173	154	
67	48	119	294	
51	80	125	206	
51	96	79	286	
73	104	65	202	
41	72	173	266	
65	80	109	170	
63	120	53	238	
33	112	137	266	
69	124	55	210	
85	120	119	102	
39	72	195	334	
69	64	69	290	
71	60	91	266	
49	80	155	178	
65	60	121	234	
59	68	143	194	
63	52	133	290	
61	100	177	114	
63	56	129	262	
61	120	79	170	
35	152	131	158	
51	124	119	138	
77	68	177	154	
61	120	93	130	
79	48	99	290	
57	108	129	122	
39	76	167	346	
65	48	127	318	
63	48	107	378	
51	80	97	262	
55	80	95	238	
51	132	149	102	
53	136	121	118	
75	140	41	238	
65	56	137	222	
55	156	177	74	
43	132	153	126	
87	92	109	138	
67	80	131	154	
75	132	37	294	
67	156	35	334	
75	96	171	110	
35	80	179	330	
33	88	155	338	
45	156	89	158	
63	88	63	274	
63	64	165	182	
49	112	105	174	
59	68	195	170	
41	136	201	106	
59	80	205	150	
65	184	81	130	
77	100	63	206	
63	124	65	170	
43	152	71	238	
43	68	151	358	
67	100	65	238	
69	52	109	278	
53	52	145	378	
71	48	175	214	
37	112	149	198	
61	116	81	170	
67	60	147	190	
77	128	47	202	
55	172	91	130	
81	128	73	142	
29	136	123	254	
53	76	121	214	
71	140	101	110	
37	100	131	250	
33	112	149	234	
59	100	173	118	
27	172	127	190	
33	120	129	226	
41	88	159	214	
85	104	97	138	
75	68	93	206	
35	192	97	206	
73	80	91	190	
51	64	141	278	
37	92	135	282	
65	64	123	202	
47	160	101	146	
67	128	69	162	
45	140	79	202	
51	64	127	310	
59	104	147	114	
59	100	71	242	
73	92	75	182	
65	92	129	126	
49	128	137	114	
51	124	113	142	
69	64	113	202	
81	108	165	98	
27	164	149	182	
57	100	89	186	
49	56	171	338	
69	52	121	250	
65	108	61	234	
43	68	189	262	
51	116	87	190	
55	96	81	218	
49	116	81	202	
43	164	85	174	
45	156	81	174	
49	180	65	222	
61	100	77	194	
53	168	185	78	
75	108	51	250	
43	164	103	150	
57	104	59	282	
27	160	167	170	
75	132	121	94	
63	160	139	78	
53	52	195	302	
61	144	139	82	
65	124	147	90	
33	140	215	130	
45	88	129	222	
69	40	167	318	
55	88	135	162	
91	140	35	294	
39	76	169	342	
65	124	49	246	
71	88	95	170	
79	40	139	306	
81	132	57	174	
51	96	161	142	
53	88	81	270	
49	60	163	290	
37	112	107	326	
49	132	97	158	
35	160	199	98	
29	104	173	270	
31	104	147	290	
41	140	167	110	
65	56	109	262	
51	96	201	134	
67	64	83	258	
75	48	193	210	
69	52	177	218	
85	92	119	134	
69	100	55	254	
67	76	143	150	
99	48	185	210	
61	140	161	86	
51	56	163	302	
43	80	157	210	
51	76	197	166	
73	108	65	198	
73	116	43	310	
37	104	191	186	
51	88	167	154	
51	108	171	122	
57	52	141	326	
63	68	151	174	
65	76	167	150	
79	80	61	230	
55	84	121	178	
39	96	119	270	
43	100	137	186	
69	88	51	322	
69	72	61	306	
75	56	165	174	
55	152	49	290	
53	108	139	122	
51	132	117	130	
59	96	167	122	
81	68	215	146	
25	164	177	178	
37	116	117	242	
77	160	31	302	
49	144	97	150	
55	108	195	110	
55	88	191	142	
55	76	127	206	
75	80	57	270	
63	148	45	282	
61	156	51	218	
67	128	55	206	
67	80	171	138	
53	160	107	118	
71	48	169	238	
73	68	61	306	
57	72	73	306	
69	72	81	222	
67	96	59	246	
79	96	51	246	
63	116	141	98	
59	164	129	90	
51	144	157	86	
75	148	99	102	
75	76	79	214	
65	104	63	226	
67	108	59	234	
69	88	101	166	
61	80	173	150	
77	124	51	210	
51	136	91	158	
35	116	141	218	
71	60	123	206	
61	68	73	306	
93	48	137	222	
55	152	95	130	
59	80	91	218	
71	52	101	278	
35	124	187	158	
71	144	45	238	
59	92	173	130	
63	72	167	158	
51	76	135	206	
37	136	139	158	
55	52	147	330	
49	88	87	318	
83	36	175	298	
63	136	51	262	
71	116	129	102	
75	48	173	222	
69	52	157	230	
35	84	177	270	
37	120	191	154	
77	40	171	270	
67	112	61	214	
55	92	67	306	
73	36	161	338	
65	52	105	302	
47	96	89	258	
61	80	197	146	
69	120	151	94	
63	48	143	306	
63	76	191	154	
37	116	113	250	
33	112	187	198	
45	104	213	134	
55	172	77	158	
67	56	135	222	
77	40	143	298	
53	96	169	134	
87	152	165	74	
61	176	203	66	
53	132	99	138	
61	64	129	218	
63	124	59	218	
65	56	101	302	
69	76	79	226	
61	96	71	242	
65	100	61	250	
51	84	91	266	
71	40	157	322	
53	72	83	338	
59	72	77	266	
61	72	171	170	
57	108	163	110	
85	64	179	154	
59	56	127	290	
35	92	127	290	
87	60	207	154	
69	84	93	178	
65	44	183	290	
73	84	51	322	
67	72	181	146	
59	88	177	130	
63	84	99	182	
79	36	167	314	
29	104	157	342	
63	56	103	302	
73	108	173	102	
75	40	183	286	
47	140	117	134	
31	156	157	150	
73	112	45	290	
59	112	191	102	
65	140	143	86	
73	116	53	218	
89	36	159	310	
75	80	189	130	
69	96	51	286	
59	60	99	338	
77	64	201	154	
85	60	231	162	
41	160	211	90	
69	84	155	130	
53	80	157	162	
53	84	95	226	
49	80	103	266	
63	144	79	138	
53	148	97	138	
55	64	131	250	
43	84	123	278	
43	88	101	286	
39	96	115	374	
39	80	139	298	
77	112	43	310	
75	96	47	286	
57	72	183	166	
69	88	79	194	
55	72	153	182	
35	88	155	278	
55	68	85	306	
67	64	187	170	
73	56	149	194	
49	92	107	206	
77	104	57	230	
57	56	125	298	
67	80	57	294	
69	140	57	194	
37	96	145	266	
55	80	89	246	
69	76	173	138	
79	96	47	278	
75	104	159	106	
55	112	101	154	
85	104	63	190	
63	52	125	302	
71	52	163	210	
63	108	149	110	
57	188	45	250	
51	72	95	366	
69	40	177	310	
59	108	53	282	
69	84	53	302	
49	80	205	162	
55	48	199	318	
39	96	141	238	
33	112	123	298	
67	88	97	170	
33	128	117	274	
61	112	49	290	
45	72	175	230	
49	64	137	298	
75	48	129	242	
85	40	187	254	
73	52	99	278	
73	132	65	150	
49	148	105	146	
61	60	129	238	
75	64	187	158	
69	68	171	166	
59	52	131	306	
49	64	155	290	
35	88	149	282	
67	52	135	266	
71	44	169	266	
33	108	143	278	
51	152	59	226	
55	116	59	298	
35	164	163	118	
69	140	149	82	
49	84	107	234	
95	40	179	250	
61	60	139	222	
67	172	175	66	
75	116	45	258	
51	180	57	230	
47	72	143	246	
85	68	189	150	
53	124	63	242	
53	52	193	310	
77	80	103	174	
45	104	91	266	
105	44	185	226	
59	80	65	334	
69	112	63	206	
45	148	89	174	
71	108	49	282	
27	140	139	262	
31	148	133	198	
61	72	187	162	
59	44	183	346	
73	48	127	258	
61	56	129	274	
61	164	57	190	
65	120	47	326	
29	160	181	134	
89	52	227	186	
63	72	113	198	
65	184	41	242	
47	108	95	218	
65	84	143	142	
61	92	155	130	
71	56	115	238	
75	148	167	74	
39	96	149	230	
97	52	205	186	
53	152	115	106	
75	120	49	226	
39	96	129	262	
61	76	157	162	
55	128	55	274	
71	148	41	254	
51	60	143	306	
55	64	207	198	
61	84	61	342	
83	140	159	78	
69	48	205	218	
35	180	119	162	
63	52	189	226	
57	100	191	118	
51	64	135	286	
27	132	213	210	
43	84	125	270	
71	124	53	226	
73	72	169	142	
57	48	187	326	
47	64	193	250	
47	132	65	274	
29	148	119	318	
37	88	139	326	
67	60	95	262	
55	152	59	214	
61	112	159	102	
51	172	63	210	
53	52	203	298	
51	76	113	238	
51	108	207	118	
79	80	57	262	
55	144	155	86	
75	88	159	122	
33	108	135	294	
57	160	155	82	
67	92	83	186	
51	60	155	290	
79	68	75	246	
63	64	169	174	
61	104	167	110	
37	84	157	318	
65	76	155	158	
25	132	155	330	
61	92	59	302	
31	180	113	198	
49	104	75	270	
49	136	61	282	
59	56	107	378	
61	132	51	270	
51	60	135	330	
59	100	63	266	
61	108	49	318	
63	56	133	254	
61	168	47	274	
71	84	119	146	
77	168	43	214	
57	136	53	242	
37	112	109	314	
37	124	195	146	
63	156	123	82	
57	116	109	126	
65	104	49	318	
81	104	53	238	
63	96	173	118	
53	56	151	310	
55	96	65	302	
59	156	53	218	
55	132	57	234	
29	108	199	258	
31	108	175	242	
45	100	99	254	
65	68	183	166	
71	68	151	158	
59	116	117	118	
57	104	57	294	
55	52	157	318	
59	52	155	278	
83	132	41	238	
85	56	157	182	
51	60	183	254	
39	88	163	230	
31	196	113	194	
67	88	79	198	
69	136	125	90	
61	128	127	98	
37	108	117	342	
77	112	65	182	
51	92	73	342	
49	80	93	282	
57	80	85	242	
65	92	165	122	
67	136	131	90	
79	152	37	254	
73	116	133	98	
83	136	41	230	
49	116	155	114	
81	160	33	290	
53	108	169	118	
29	144	193	162	
59	56	135	282	
75	128	123	94	
45	128	131	138	
43	132	155	122	
63	120	173	94	
37	80	183	278	
55	148	47	330	
95	100	97	138	
105	108	133	110	
69	160	37	290	
61	164	41	298	
53	140	53	306	
37	116	105	294	
73	60	103	226	
39	120	93	270	
47	116	187	114	
53	64	199	214	
71	148	115	86	
43	120	87	258	
25	120	157	286	
49	60	153	314	
67	180	45	218	
57	56	149	270	
33	148	107	218	
25	120	165	270	
57	104	217	114	
79	136	45	226	
79	120	55	210	
73	84	99	174	
79	120	149	90	
43	100	103	254	
81	72	153	150	
47	128	105	158	
27	116	159	286	
73	140	147	82	
59	144	153	86	
57	124	113	122	
65	164	37	314	
39	112	141	190	
69	60	215	178	
43	128	181	114	
63	132	45	290	
61	76	115	190	
43	100	95	294	
65	60	89	298	
35	112	127	270	
37	84	161	286	
33	136	123	226	
39	112	101	278	
35	132	99	254	
77	176	63	146	
53	96	61	342	
39	96	135	250	
61	152	43	342	
59	96	57	350	
41	104	97	298	
55	100	57	350	
43	100	93	318	
29	128	145	250	
75	108	155	102	
51	80	179	170	
81	108	147	106	
69	112	53	254	
31	120	145	262	
71	72	161	154	
31	88	197	366	
63	72	119	186	
93	48	163	214	
57	76	195	162	
41	88	129	262	
49	132	61	290	
25	144	145	258	
55	120	53	298	
31	148	117	242	
69	64	109	206	
77	108	61	198	
51	124	57	310	
49	108	69	290	