3518
77 160 31 302
69 124 141 86
65 124 103 102
71 192 151 66
77 120 85 118
65 136 169 78
71 148 115 86
53 124 129 94
55 180 173 62
61 100 93 142
65 100 61 250
53 172 153 70
61 156 161 70
63 156 123 82
75 132 37 294
71 140 35 310
67 156 35 334
89 148 33 262
69 156 37 298
81 156 31 302
51 168 197 78
51 172 183 74
49 176 183 70
59 160 181 70
53 120 109 126
49 112 123 130
49 108 111 150
49 132 127 114
47 148 141 86
69 128 137 86
51 148 131 106
47 132 129 122
71 124 123 98
47 132 151 102
53 112 113 126
53 136 147 90
61 120 107 114
47 124 135 118
47 136 155 94
57 128 121 110
55 120 117 118
59 128 113 102
45 128 143 110
43 136 179 102
55 128 147 90
53 128 179 90
77 120 119 106
87 124 135 90
73 180 167 66
63 188 145 70
67 172 37 314
51 180 211 66
87 144 125 82
67 120 91 126
57 132 111 98
65 112 87 134
61 112 97 138
63 104 103 134
77 168 139 74
67 136 131 90
69 136 125 90
73 172 137 74
51 188 179 70
83 112 85 134
77 124 79 134
71 116 83 130
69 128 93 114
77 108 69 150
83 120 105 114
71 116 93 122
81 104 85 146
75 100 85 150
77 136 75 134
83 140 95 102
63 128 149 86
55 152 171 78
59 116 109 122
47 128 131 118
49 80 93 282
47 116 151 122
53 128 123 110
75 128 123 94
51 104 129 126
41 140 173 106
49 140 137 106
47 116 187 114
69 152 171 70
79 156 155 74
63 116 73 150
57 104 69 194
59 124 71 150
63 108 103 126
59 80 97 190
63 84 121 158
53 100 101 182
61 112 109 110
71 104 77 154
65 108 89 142
59 92 109 142
61 116 103 126
51 116 99 162
71 96 77 182
57 152 161 78
59 148 141 78
55 176 135 78
69 164 133 78
23 148 157 198
27 152 159 174
29 152 117 246
29 136 185 166
27 148 185 166
105 44 185 226
89 36 159 310
79 128 37 294
65 128 41 326
69 136 39 302
77 124 39 250
75 136 35 310
63 136 41 306
65 164 37 314
73 140 39 274
83 144 35 242
73 152 37 274
83 128 37 270
89 144 39 222
55 128 53 294
65 120 47 326
61 132 45 298
49 116 155 114
47 160 159 82
41 172 209 86
53 156 209 74
49 172 163 78
65 164 143 74
67 172 175 66
63 104 125 114
59 100 95 166
41 140 149 114
61 116 87 146
49 120 143 110
59 124 93 134
49 144 129 110
51 100 113 174
51 124 99 154
55 116 93 158
41 128 127 158
45 128 117 154
39 140 139 146
47 92 127 178
43 120 123 158
57 108 101 150
55 116 107 138
51 108 107 162
51 116 143 114
51 108 125 138
47 100 127 150
43 116 111 178
43 132 123 142
47 88 115 198
43 116 133 158
41 124 115 178
65 80 145 150
51 84 103 214
51 104 105 170
49 96 103 178
55 100 91 178
49 124 121 134
59 116 97 134
39 124 117 170
55 136 111 122
41 136 141 130
43 156 139 106
45 140 127 126
41 128 153 130
39 152 155 102
49 152 123 94
47 136 125 118
53 140 121 114
45 144 149 102
41 148 147 110
49 152 169 82
51 64 113 346
51 72 95 366
55 168 165 78
55 132 143 90
75 132 121 94
47 152 121 118
49 132 131 110
39 160 159 94
47 132 171 98
43 132 159 114
51 140 143 98
53 116 137 106
49 128 187 94
47 120 135 134
49 100 141 138
59 104 93 154
61 108 91 146
55 120 123 110
53 120 135 110
51 92 117 174
43 128 119 146
57 116 155 98
49 128 157 102
43 124 137 138
47 124 171 102
45 124 181 106
49 100 173 134
51 116 169 106
63 116 95 138
63 104 85 166
49 112 135 118
51 116 121 134
45 104 139 166
39 136 155 118
45 180 149 90
39 132 181 110
51 144 157 86
45 116 155 126
45 120 155 110
41 132 161 114
47 120 143 118
57 116 105 142
53 100 105 154
61 124 101 126
63 148 99 106
43 108 147 158
39 140 169 110
47 116 113 158
49 96 141 150
43 112 167 134
57 120 133 98
49 140 173 90
55 116 131 122
45 132 203 98
51 124 161 102
55 120 165 98
49 116 203 106
43 120 187 114
89 128 117 94
57 176 131 86
57 184 151 70
45 160 111 134
79 140 119 86
73 136 125 86
79 152 133 78
81 96 93 146
83 124 43 234
65 100 79 162
67 116 85 146
57 100 101 162
65 120 83 134
59 128 99 122
59 104 113 122
57 148 101 114
45 132 123 138
53 140 109 118
53 156 105 126
55 128 127 106
53 148 101 130
45 132 101 162
57 120 95 130
49 128 137 114
57 136 105 114
65 144 133 82
49 136 125 114
61 128 127 98
55 104 107 142
71 116 103 118
67 120 97 118
69 108 101 134
61 104 105 130
59 96 121 130
55 112 111 130
73 164 109 94
75 152 139 78
73 156 135 78
73 116 133 98
73 104 149 106
73 100 163 110
73 140 147 82
45 148 117 134
81 164 129 78
69 168 107 94
41 188 201 78
39 180 215 78
43 164 149 98
39 184 157 94
41 156 127 122
89 116 77 134
77 108 93 138
85 104 97 138
77 108 83 146
81 112 83 142
87 120 69 146
67 104 77 166
71 104 67 162
75 120 127 102
75 100 83 158
63 124 91 126
71 136 87 114
77 100 69 194
69 116 77 146
69 144 83 130
69 132 87 130
75 148 103 98
63 124 101 118
77 124 59 166
87 100 57 198
75 88 73 198
65 112 63 210
83 92 69 202
65 100 129 114
61 120 79 170
67 148 75 122
57 136 77 158
63 128 89 118
87 92 109 138
89 108 63 182
69 96 93 154
79 132 79 126
77 116 99 118
69 144 101 106
67 144 151 78
59 116 117 118
47 116 131 138
41 152 143 110
43 136 129 138
49 116 119 146
35 144 175 130
45 120 153 114
47 96 155 146
55 88 105 190
47 152 135 102
53 88 141 158
45 112 151 134
45 128 141 118
57 108 113 134
45 100 157 158
35 140 179 130
37 164 153 98
33 144 187 122
37 124 155 162
55 108 109 138
87 152 165 74
55 156 177 74
83 136 163 82
49 148 207 82
59 84 113 174
67 100 71 174
57 140 85 142
61 108 89 150
61 96 77 198
79 120 63 158
67 136 59 154
57 124 73 178
55 100 73 246
53 104 99 186
55 100 81 206
69 100 59 218
73 108 59 202
49 104 77 234
61 92 85 174
53 124 83 182
51 124 79 190
57 116 87 150
59 136 87 118
67 132 65 166
57 112 79 174
59 140 81 134
75 128 61 158
61 132 81 134
55 144 85 138
63 108 81 150
57 148 73 162
67 116 99 126
79 116 79 134
65 88 117 138
57 76 109 202
57 100 103 146
53 92 115 174
55 112 97 162
57 88 121 154
63 100 67 198
55 104 93 174
53 80 119 214
57 84 121 166
69 84 81 202
51 80 105 230
57 84 105 190
57 88 109 166
55 100 129 130
65 96 109 138
63 100 163 114
65 108 95 138
59 108 125 118
61 124 127 106
63 92 93 170
55 140 79 162
67 80 113 158
65 100 75 190
71 84 77 210
65 92 75 194
79 88 107 154
91 96 67 190
81 96 65 202
75 76 79 214
67 88 133 130
59 104 101 142
59 100 75 222
53 132 79 170
43 116 107 202
49 140 77 170
81 96 69 198
79 88 67 206
53 112 95 170
51 148 189 82
35 160 153 122
53 168 185 78
65 152 125 86
67 172 117 94
63 160 139 78
29 136 159 186
23 144 161 254
33 148 107 218
33 132 139 178
29 140 157 186
29 148 161 174
25 144 159 198
33 136 155 174
29 140 135 190
41 128 133 150
35 128 163 158
23 136 163 222
27 140 167 190
31 124 167 178
27 128 145 254
35 160 121 154
35 112 127 270
29 148 185 162
27 140 165 198
31 140 149 178
33 144 137 166
31 152 163 150
27 156 141 186
37 128 149 162
25 140 161 210
31 132 157 194
33 128 187 146
31 132 187 166
35 128 167 154
31 156 163 138
29 124 191 190
35 140 135 162
45 112 145 146
43 112 165 138
33 140 163 158
31 140 187 146
33 140 167 154
29 172 123 170
27 148 169 182
33 164 131 138
29 164 159 162
95 40 179 250
81 40 165 282
73 36 161 338
91 44 149 234
79 36 167 314
93 48 137 222
69 124 41 326
77 116 43 286
73 132 39 302
67 116 45 266
77 148 45 234
75 120 43 242
73 128 43 238
71 140 39 298
67 132 41 282
59 136 45 290
69 136 41 266
61 152 43 342
75 176 43 210
63 132 45 290
69 160 37 290
61 164 41 298
69 144 43 262
65 156 41 282
79 148 39 230
69 160 45 210
73 164 35 290
71 124 43 266
65 140 43 290
73 184 39 270
61 180 45 234
63 128 47 274
83 136 41 230
91 140 35 294
83 124 43 230
63 148 45 282
63 128 43 298
75 140 41 238
63 124 51 266
67 116 49 238
65 128 45 274
57 132 49 282
41 144 147 118
51 140 167 90
61 176 203 66
45 168 131 106
47 180 209 70
75 100 107 130
69 108 109 122
61 92 117 138
53 104 115 134
43 120 133 150
39 148 133 130
47 112 115 158
47 120 107 146
47 116 121 150
59 68 95 262
61 76 87 230
33 156 153 142
51 136 145 102
43 140 165 106
59 120 77 174
53 112 97 166
51 124 125 118
55 116 159 102
49 100 139 142
43 128 185 110
63 144 79 138
49 128 107 138
51 148 111 118
47 120 97 178
45 124 95 174
45 112 135 158
37 152 131 138
39 128 173 126
39 144 167 102
49 88 111 210
53 80 109 218
49 88 129 186
43 100 125 198
47 124 123 134
43 112 111 182
41 124 131 158
45 116 107 190
39 120 153 150
41 124 113 186
39 136 147 126
63 100 81 178
43 108 99 254
45 92 139 174
57 100 87 190
49 120 149 106
45 116 187 118
55 112 133 106
35 140 107 218
39 112 111 238
37 116 129 194
41 108 149 158
55 84 131 166
41 124 139 142
41 112 153 150
37 120 165 158
41 96 155 182
45 104 127 174
39 116 141 170
45 136 105 150
45 96 123 198
43 112 119 174
41 84 143 230
35 144 141 150
41 112 127 190
53 76 97 238
41 88 137 222
49 84 109 218
41 96 137 206
43 104 125 186
47 104 157 142
33 132 165 162
41 120 93 198
57 72 85 254
49 88 127 190
55 84 85 218
43 92 131 210
61 88 73 218
49 88 99 230
45 116 113 166
35 108 151 210
31 132 139 202
33 148 129 162
45 112 99 210
45 120 133 138
37 140 159 134
45 160 121 114
41 128 121 162
39 152 129 138
35 136 201 122
41 156 137 110
39 132 151 134
47 132 123 126
61 148 105 110
43 148 151 94
55 144 103 122
49 140 107 126
55 156 107 102
43 152 129 118
43 144 131 126
49 144 135 102
47 144 147 102
37 152 137 130
55 144 111 106
49 152 119 122
43 136 147 110
53 132 175 90
49 144 169 90
53 148 157 82
45 120 151 122
85 120 119 102
39 160 129 114
43 136 103 174
49 120 115 142
51 128 119 134
41 136 145 126
35 168 157 114
35 172 183 106
39 148 143 126
33 160 165 118
41 180 193 82
45 172 187 74
37 148 147 126
45 152 167 86
41 144 197 98
37 144 185 114
37 132 165 138
33 148 169 138
33 144 165 146
59 120 121 114
51 132 151 98
47 128 163 106
49 104 131 142
47 116 143 130
43 120 157 126
41 124 177 126
39 128 177 118
47 124 169 106
43 108 173 142
43 120 163 118
53 100 125 138
57 84 145 154
45 116 133 146
57 108 117 130
63 116 101 130
51 108 109 158
45 108 169 142
53 76 129 206
41 116 179 142
53 108 139 122
51 124 97 166
37 136 141 154
51 128 181 98
45 136 195 94
43 116 149 138
37 132 137 166
43 112 143 158
37 128 195 122
47 140 187 90
41 148 161 98
41 104 187 150
51 96 165 138
53 120 197 102
61 96 83 174
55 120 95 142
53 96 107 166
61 120 81 150
53 120 73 194
39 100 167 198
53 132 121 122
43 124 161 118
43 120 135 146
47 92 139 166
45 108 175 134
43 108 97 258
39 124 185 126
49 92 131 154
41 132 131 134
31 152 169 146
41 112 141 166
43 128 129 142
31 144 177 150
37 140 123 166
39 176 177 90
43 124 155 134
41 128 157 126
37 124 195 146
47 112 131 142
39 116 183 142
41 116 171 146
43 132 177 106
41 144 155 110
61 84 109 170
59 104 89 162
37 116 169 166
37 104 175 190
35 120 173 170
29 152 173 138
45 120 121 142
57 80 145 166
51 100 161 134
47 92 161 162
51 156 229 78
43 156 235 86
55 108 121 130
57 100 145 122
71 112 145 98
63 112 149 102
73 116 157 94
51 132 149 102
49 96 199 138
43 100 183 146
47 100 181 142
71 108 151 106
51 172 137 86
45 148 95 166
37 164 125 150
39 140 115 150
49 128 83 182
65 144 125 90
71 148 127 82
59 140 131 90
65 116 69 178
57 108 87 158
61 92 97 158
57 124 69 182
55 92 99 170
75 92 67 210
71 96 79 174
83 108 53 218
71 112 63 194
51 112 103 174
49 108 91 186
47 116 89 190
55 80 105 210
51 128 93 142
45 124 113 158
55 108 89 174
61 120 93 130
57 84 117 170
63 88 113 150
63 100 117 122
53 176 101 126
47 156 107 134
57 136 85 146
51 148 89 142
67 120 67 182
71 120 57 178
43 124 117 162
43 128 137 130
45 148 111 146
47 136 101 150
57 128 79 150
59 104 147 114
53 136 85 162
49 116 109 154
37 144 103 190
43 112 105 210
59 128 105 114
57 128 117 114
51 124 113 142
63 128 85 142
43 156 125 118
51 148 139 86
37 144 139 134
43 140 127 138
69 140 149 82
53 96 123 142
53 84 111 190
61 96 87 170
69 100 111 130
67 88 79 198
59 84 109 178
73 100 87 146
45 120 113 162
61 100 139 118
71 92 103 146
57 100 129 126
71 148 109 98
79 120 149 90
91 96 135 118
59 144 153 86
47 128 105 158
37 140 119 174
43 128 105 166
35 156 131 150
43 144 119 142
31 148 137 182
45 132 107 150
77 160 99 98
49 172 163 78
33 180 221 102
33 184 163 118
45 188 141 102
37 176 171 94
41 196 181 86
45 176 165 86
49 152 105 142
43 164 133 106
41 176 125 122
47 160 111 130
35 156 133 146
41 144 111 154
83 112 75 146
73 140 75 138
83 92 97 154
85 92 119 134
81 116 67 158
79 128 77 142
73 92 75 182
67 96 85 158
71 88 77 194
53 112 87 174
79 100 69 182
61 96 75 214
69 112 67 182
75 96 71 194
69 108 67 186
73 112 77 146
63 112 75 158
71 124 71 146
81 96 71 178
83 104 61 194
85 92 97 146
53 132 107 134
65 104 135 110
63 144 95 110
53 128 87 166
75 140 117 94
73 88 63 230
63 92 79 194
69 132 67 162
59 156 83 118
81 120 61 170
61 152 109 102
53 160 95 134
49 144 85 154
57 152 101 110
65 128 53 226
87 116 47 214
81 96 55 210
83 88 89 166
81 80 63 226
69 84 129 142
63 96 145 122
63 80 133 162
65 84 147 134
61 108 131 114
59 100 173 118
77 104 83 150
63 136 69 158
59 116 83 154
67 96 95 150
57 156 81 142
63 156 73 142
67 152 69 138
53 124 71 194
57 124 61 190
55 120 87 162
57 140 71 174
55 132 103 134
83 84 127 134
91 108 55 190
95 104 51 202
75 140 77 126
65 88 101 170
67 84 81 206
49 96 101 206
53 92 91 190
37 140 151 146
41 100 153 186
31 168 155 122
31 136 201 158
25 140 187 194
47 116 129 142
45 100 99 254
51 88 107 182
35 168 121 146
49 156 117 110
51 80 153 182
49 84 139 182
45 108 137 150
65 76 111 178
49 92 147 150
35 140 163 138
43 128 107 162
43 136 81 218
43 108 117 194
31 164 159 122
37 128 179 130
33 148 135 154
29 168 167 114
37 144 111 162
39 168 103 170
29 144 155 178
39 100 141 210
39 120 131 178
67 104 91 154
57 116 119 122
61 100 89 166
35 164 163 118
57 80 125 186
59 84 85 190
57 128 77 170
57 112 85 158
57 100 89 186
59 144 67 150
59 152 63 182
55 108 71 194
55 128 75 186
47 108 79 234
77 148 59 150
65 116 63 202
65 76 89 206
81 128 73 142
71 112 61 202
69 144 69 138
57 144 65 174
51 104 73 246
49 100 87 238
45 124 73 274
59 112 73 182
53 96 81 266
51 92 81 282
65 72 67 230
69 88 67 214
57 84 93 214
53 104 79 198
51 116 73 214
67 80 95 202
85 104 49 226
73 124 49 218
43 104 99 258
53 112 71 210
53 120 91 166
55 104 75 222
55 104 77 182
65 112 71 178
59 96 93 174
45 132 77 222
61 128 65 182
51 108 69 226
49 112 77 218
45 108 85 258
55 108 69 218
51 136 73 178
49 112 87 214
53 140 99 134
51 140 101 134
55 116 89 166
55 152 95 130
57 160 89 130
47 148 109 138
57 132 103 126
57 124 89 146
67 148 55 182
47 128 67 202
55 92 83 222
53 120 93 154
69 136 71 146
57 120 83 166
75 144 51 174
77 136 71 142
73 132 65 150
53 160 99 130
47 148 99 154
53 124 87 170
61 128 67 174
63 124 89 138
63 68 121 186
75 108 97 130
73 132 81 130
63 84 129 150
63 84 133 146
75 92 101 150
51 72 119 222
55 80 107 194
61 84 103 174
53 108 101 166
55 96 119 154
49 96 91 226
51 84 131 174
55 112 103 150
61 92 83 198
71 108 61 214
73 92 73 194
77 72 155 154
57 120 73 182
53 84 97 222
49 84 129 206
55 80 173 154
57 80 161 158
49 72 127 230
51 76 115 234
53 80 131 198
65 76 105 194
65 68 113 174
63 76 113 186
51 84 119 182
59 72 121 186
55 68 137 198
69 60 125 190
65 72 85 222
65 88 109 154
57 80 131 170
65 76 99 198
59 84 103 182
55 84 121 178
53 80 157 162
57 92 125 150
53 100 161 130
57 96 105 154
53 124 107 138
57 100 119 134
67 96 101 146
79 96 107 130
57 88 115 162
61 84 119 162
59 112 99 146
67 136 121 94
59 88 87 182
51 128 67 194
57 156 69 170
73 84 75 210
77 56 83 262
73 68 87 230
75 76 61 238
71 108 53 230
77 84 97 170
71 96 69 206
81 104 53 238
57 100 73 234
65 76 83 214
59 112 93 150
69 88 79 194
73 84 65 218
69 96 67 210
75 84 101 166
81 104 65 198
95 100 97 138
77 128 47 202
81 96 81 170
81 80 71 210
75 80 133 142
75 108 87 142
47 68 127 262
51 96 115 166
65 88 111 150
75 80 127 150
87 100 73 166
77 72 127 158
39 156 93 186
77 68 71 254
55 120 83 178
37 164 135 130
27 144 191 186
69 172 111 90
61 144 139 82
29 132 181 178
33 124 147 186
27 164 157 178
31 112 161 218
31 124 143 222
39 120 141 166
37 108 181 174
29 124 169 202
29 108 163 298
27 148 153 214
35 128 115 206
27 144 151 218
29 148 153 178
35 124 171 166
23 148 183 182
27 152 185 158
31 112 197 198
33 88 207 318
25 124 169 230
31 148 149 154
39 164 123 130
27 140 157 206
27 136 163 210
35 124 143 186
37 128 157 154
39 128 133 166
35 144 155 138
35 148 135 138
29 168 127 170
43 144 121 138
25 168 135 170
37 116 145 170
33 140 109 186
35 136 123 198
47 120 139 130
49 104 143 130
33 120 123 246
39 120 165 138
29 136 211 150
43 152 113 138
35 156 127 154
33 160 127 162
31 152 125 178
27 152 123 194
29 160 129 178
35 144 111 170
27 120 163 222
25 128 167 234
25 152 145 202
25 116 181 266
31 112 173 202
27 136 175 206
27 136 191 190
25 156 151 194
35 116 177 170
33 124 163 178
35 124 179 162
39 128 135 158
29 148 123 226
27 124 159 282
27 136 141 262
33 160 135 138
39 132 143 138
45 168 107 138
35 136 171 134
31 124 165 198
29 156 147 178
31 140 169 174
31 128 159 186
33 156 147 146
31 160 163 130
41 120 147 146
29 172 137 146
27 172 135 162
31 164 143 130
31 144 169 154
37 108 159 194
35 148 151 130
35 132 157 154
35 132 173 146
31 116 153 226
33 108 191 190
37 100 135 230
31 128 171 170
33 120 141 202
33 104 157 218
35 120 191 158
35 148 165 118
37 132 191 126
35 120 183 166
33 116 193 170
33 132 191 138
45 120 137 134
43 132 155 122
33 140 151 162
29 168 163 138
41 132 155 126
37 144 133 146
33 152 159 122
39 124 155 146
43 116 169 130
55 104 141 118
27 148 211 150
27 168 213 142
37 148 157 118
31 144 191 138
33 156 155 138
27 172 127 190
25 164 149 198
23 156 165 194
37 152 153 118
29 156 157 166
37 168 127 138
43 164 121 130
45 148 89 174
83 36 175 298
87 44 213 218
57 84 191 150
79 40 203 266
87 36 197 282
67 60 95 262
73 60 103 226
85 40 187 254
73 52 99 278
69 56 111 250
75 44 141 262
71 96 133 122
97 52 205 186
107 48 199 206
89 52 227 186
69 40 177 310
73 40 123 310
81 44 157 238
71 56 115 238
79 36 147 330
75 40 183 286
73 48 127 258
79 56 103 238
79 48 99 290
55 60 113 342
79 44 143 250
81 40 173 262
85 52 119 230
79 96 47 278
69 88 51 322
65 112 49 258
55 96 67 302
61 112 53 266
61 112 49 290
79 116 41 266
55 112 61 242
63 100 51 274
63 100 59 258
85 132 41 206
87 140 37 242
71 124 47 230
67 144 39 298
77 160 35 290
63 156 45 234
53 144 53 258
43 136 73 234
69 120 45 246
63 88 63 274
77 112 51 246
77 132 37 258
39 156 81 222
53 124 63 242
65 140 45 254
57 92 67 294
57 108 49 326
53 136 55 250
53 104 57 302
55 96 59 318
53 108 65 234
55 104 63 242
57 100 55 326
57 116 47 334
61 108 49 318
59 100 57 318
59 100 61 278
57 92 59 310
61 96 55 266
59 156 49 242
63 140 49 218
73 84 53 270
77 88 57 262
75 88 49 278
63 160 39 322
81 180 35 262
59 152 51 226
55 160 49 242
69 176 41 226
55 152 49 290
97 160 31 286
85 152 33 274
79 140 45 218
61 112 57 234
59 88 63 290
41 128 73 274
41 116 79 290
33 136 111 238
37 116 107 258
57 128 53 290
67 124 43 274
67 108 53 258
49 136 61 282
53 96 61 342
49 88 87 318
59 108 53 282
61 92 59 302
61 152 49 226
53 156 53 234
59 108 57 258
35 144 153 142
51 172 115 114
69 96 105 142
85 84 101 158
69 104 89 154
73 116 127 106
59 88 129 150
69 84 107 162
59 116 95 146
49 128 95 170
37 128 155 158
43 112 145 150
41 100 137 198
39 140 145 130
41 132 121 154
51 100 131 138
45 100 111 194
45 116 123 154
39 132 109 174
47 104 113 178
47 152 79 178
63 140 63 178
53 116 93 170
49 104 111 170
57 108 123 126
47 128 101 170
49 84 157 162
47 80 143 190
51 144 113 122
45 124 105 162
41 152 97 158
55 132 91 146
47 132 99 170
57 152 95 126
41 156 117 138
55 100 177 122
45 100 159 154
43 120 115 170
39 100 125 238
45 100 101 226
51 128 79 182
43 128 87 222
39 148 107 166
55 172 77 158
41 152 89 174
37 132 127 170
49 80 155 178
39 108 169 158
39 124 163 134
55 76 93 250
57 72 123 198
49 76 139 210
47 84 143 178
51 72 141 218
41 92 115 230
45 116 139 134
43 112 99 226
49 100 93 222
37 120 111 210
35 112 145 214
45 88 103 246
41 116 119 166
43 144 133 122
43 116 141 154
35 144 145 146
41 140 167 110
57 92 95 178
49 96 99 210
49 96 81 294
55 64 103 262
51 80 121 214
63 88 69 230
47 112 171 130
43 120 193 110
39 136 219 106
49 112 177 110
45 140 129 118
37 112 117 250
43 108 129 166
41 92 165 190
39 104 153 182
33 132 161 174
33 100 187 222
43 88 139 198
33 144 145 150
41 96 143 198
41 104 135 174
47 100 103 202
33 116 163 194
33 128 167 170
43 96 135 198
33 124 183 170
39 104 123 226
39 124 113 194
39 124 141 162
47 144 115 134
43 116 109 198
45 152 115 134
39 132 133 150
55 144 91 134
43 76 127 246
35 124 121 202
45 84 115 226
41 92 123 222
35 112 153 206
45 88 111 238
43 100 111 202
39 84 167 242
41 88 159 214
35 116 121 230
37 128 129 174
49 104 99 202
51 128 85 178
37 140 109 178
35 144 105 190
43 96 117 214
49 80 109 262
55 72 91 258
35 100 151 230
39 88 161 234
51 80 97 262
39 104 131 222
45 100 129 174
45 104 105 194
47 92 165 150
47 104 175 130
47 96 99 234
47 108 75 238
47 108 95 218
45 140 79 202
37 104 127 238
39 124 107 214
37 124 117 206
47 96 105 202
47 72 115 262
43 92 119 226
45 80 155 186
55 76 81 270
45 96 107 222
47 80 111 246
63 104 61 238
43 96 101 266
53 64 119 278
49 76 105 270
41 112 89 250
37 124 125 190
29 136 151 210
51 104 95 206
27 116 173 242
33 112 149 234
33 128 125 194
47 128 91 178
35 132 149 166
49 104 91 210
37 96 169 202
43 100 137 186
37 112 139 206
39 124 147 158
35 124 155 178
51 164 105 122
39 160 127 138
39 156 149 114
31 156 143 154
35 152 165 110
37 128 167 142
37 112 155 182
39 116 157 158
49 128 99 154
43 136 135 126
53 120 127 122
43 160 169 90
55 132 87 154
53 132 91 154
51 148 117 110
39 148 113 146
43 144 137 114
51 128 123 118
37 168 147 114
55 132 95 138
53 132 99 138
43 116 143 142
43 164 167 82
37 152 209 106
39 116 177 154
79 132 97 110
45 160 143 98
39 172 147 110
45 164 113 122
47 100 119 190
49 108 107 170
43 132 153 126
53 152 115 106
41 160 211 90
33 152 175 114
37 148 217 110
41 148 189 94
25 164 175 190
31 180 191 106
51 96 139 150
43 112 177 126
41 100 161 174
43 100 153 162
45 96 129 190
45 96 149 166
35 128 185 150
61 84 129 154
55 96 101 166
47 112 109 174
59 116 127 114
45 116 109 186
49 88 113 206
51 96 101 186
47 80 129 222
45 116 117 158
55 108 195 110
53 108 169 118
47 112 189 122
53 92 167 142
45 112 125 166
39 108 131 214
49 92 119 194
37 108 171 190
39 104 181 170
47 80 175 178
45 88 179 158
39 96 179 194
45 96 171 162
51 88 135 166
55 48 175 378
37 116 137 190
29 152 121 226
47 112 93 186
65 140 67 154
57 140 59 198
53 112 79 194
35 108 197 182
35 112 193 170
45 92 131 202
41 92 151 214
43 88 159 186
41 88 167 198
39 108 147 190
45 100 147 166
39 104 165 178
35 124 195 150
41 104 165 166
53 80 121 206
37 120 197 138
41 120 209 122
41 108 173 150
51 76 143 186
55 92 117 162
47 136 115 142
39 136 99 194
39 188 195 86
43 96 177 170
43 104 157 154
67 88 93 178
67 72 87 206
65 92 71 202
37 96 161 206
31 144 153 162
37 112 173 166
33 136 181 138
49 92 105 222
43 72 149 254
51 124 105 150
59 84 165 150
49 104 167 126
39 100 175 178
57 104 97 154
57 116 151 102
73 104 149 106
67 108 163 106
39 112 205 154
55 84 151 162
55 132 115 118
53 100 211 126
47 80 177 174
41 120 139 162
47 92 163 158
59 164 129 90
33 172 117 182
45 140 101 158
45 136 87 194
43 124 123 150
41 136 91 178
35 148 107 182
55 128 69 190
45 136 75 214
57 152 133 86
71 76 83 194
69 80 107 166
45 120 93 190
57 124 77 174
75 108 57 226
71 96 133 122
45 120 99 178
53 124 77 190
57 128 91 142
49 132 77 178
59 88 131 142
61 84 83 206
57 144 73 166
67 116 57 230
49 104 101 182
73 84 89 186
67 88 97 170
85 104 53 202
79 80 61 230
71 128 53 210
45 108 121 178
45 116 89 206
41 128 91 202
45 108 93 226
43 140 95 170
47 136 91 162
55 112 93 170
37 144 83 210
49 124 101 166
45 144 117 142
61 68 117 198
59 84 129 158
57 76 153 170
57 76 141 174
77 88 111 142
65 116 97 130
67 84 117 150
47 196 103 142
43 184 107 146
41 156 95 162
47 156 87 162
57 148 75 150
47 172 75 178
61 112 65 230
73 104 53 246
65 124 57 210
81 132 57 174
41 128 147 134
47 108 125 154
45 124 143 130
45 108 153 146
49 132 97 158
51 124 119 138
39 140 97 210
41 120 117 186
75 116 59 182
59 144 119 94
29 152 161 166
41 136 113 158
55 144 155 86
47 108 149 142
55 72 111 222
77 88 103 158
51 116 115 146
69 132 129 90
63 120 173 94
35 120 123 222
31 148 133 198
45 104 97 230
41 108 109 214
37 136 119 190
43 116 117 174
35 172 119 166
31 160 113 210
27 168 109 222
35 152 131 158
47 140 117 134
35 168 147 122
43 152 93 170
41 164 109 154
47 180 109 130
35 160 129 146
31 156 125 170
79 104 91 142
79 144 67 138
85 84 93 174
77 88 95 166
79 88 83 186
73 108 65 198
69 84 93 178
67 88 71 206
47 104 85 222
57 96 87 202
79 92 55 230
67 112 65 190
63 116 71 182
75 92 91 158
69 124 57 202
79 112 65 186
63 132 79 142
73 80 61 246
75 76 69 222
71 140 81 130
77 100 75 166
81 112 61 194
77 88 89 174
83 120 51 210
79 96 69 202
81 84 115 142
75 104 99 138
81 88 101 158
87 80 105 166
45 152 77 186
71 88 61 238
55 116 69 214
59 80 73 230
63 168 51 198
55 164 81 138
51 160 97 134
65 144 59 174
69 172 107 94
51 148 81 162
59 160 77 134
81 136 51 186
43 168 101 154
49 164 89 138
51 140 83 162
41 148 99 170
49 144 97 150
49 132 69 186
55 136 89 150
81 112 45 226
79 80 107 162
77 84 87 178
81 96 53 242
79 72 79 226
83 60 75 258
49 132 63 226
67 144 75 142
69 120 55 222
75 168 73 134
55 136 81 162
53 116 79 186
51 124 65 242
59 128 57 198
49 124 69 230
51 108 81 198
73 84 135 138
89 108 139 106
81 76 89 182
79 136 53 186
95 120 41 218
91 124 45 206
85 104 63 190
91 92 67 202
89 80 67 218
89 100 49 214
75 156 67 142
61 76 95 206
49 128 87 174
47 100 125 182
41 120 91 226
55 84 83 246
55 104 101 158
53 84 107 206
45 116 81 210
35 108 175 194
45 104 147 162
39 108 149 174
27 160 181 150
37 176 107 170
29 168 159 142
27 144 217 182
29 144 181 170
57 88 105 170
39 116 137 186
47 84 131 214
57 88 93 190
57 76 89 222
51 80 103 234
45 84 135 214
37 164 109 170
55 160 101 118
59 68 145 186
47 88 141 190
47 76 151 206
77 72 93 194
55 76 129 190
43 100 179 154
43 104 89 322
51 88 123 178
49 64 137 298
49 80 135 198
45 124 91 194
51 124 85 182
49 132 91 170
49 148 105 146
47 120 91 186
47 92 125 194
33 140 145 170
41 112 187 130
37 148 95 182
29 144 193 162
31 152 189 134
35 160 199 98
35 180 119 162
45 140 89 182
43 128 181 114
31 172 117 186
31 128 143 202
29 128 165 210
43 116 91 234
67 104 61 222
51 76 135 206
55 112 101 154
57 124 113 122
57 80 97 202
55 80 103 214
53 108 97 182
51 84 93 230
59 96 101 158
69 80 89 198
51 120 85 186
67 92 83 186
61 152 77 134
69 156 67 146
47 148 71 186
49 152 73 170
51 148 71 178
65 148 53 190
61 156 53 206
63 116 65 210
51 128 65 238
47 124 67 314
41 108 101 258
63 72 101 218
75 144 47 218
43 108 77 266
63 68 71 282
69 68 97 202
69 88 97 174
73 96 63 214
57 72 75 270
53 88 93 214
65 84 83 198
67 80 73 222
67 80 77 214
61 68 85 254
57 72 103 214
69 68 81 238
63 68 79 242
67 68 73 258
71 64 69 270
81 76 57 238
85 92 57 222
77 96 61 230
51 116 87 190
57 88 79 226
49 120 103 166
85 120 39 242
73 132 51 202
69 112 63 206
45 112 79 250
59 112 63 234
65 108 61 234
55 116 67 218
55 124 81 166
61 100 77 194
57 92 69 278
59 96 75 226
53 96 73 274
55 100 87 202
65 108 67 194
57 88 81 206
51 112 77 202
67 104 59 242
39 128 75 242
47 92 91 262
51 132 113 134
45 140 83 194
51 100 97 202
71 164 47 190
73 148 55 166
61 84 165 146
65 80 109 170
71 84 119 146
59 64 107 222
51 64 155 222
49 76 127 222
55 72 143 194
63 64 125 186
67 56 137 202
59 68 79 270
47 68 145 238
55 68 117 238
59 80 119 182
49 112 105 174
59 100 77 214
79 104 57 206
61 140 59 186
59 96 83 198
55 96 85 206
61 108 75 174
55 100 77 230
61 120 73 174
55 164 67 178
45 84 105 262
57 76 87 246
63 60 125 198
63 84 181 138
51 76 171 178
51 84 145 166
55 68 119 210
53 60 135 310
49 84 127 210
55 64 87 310
55 60 115 262
57 64 131 226
47 72 151 230
51 100 85 262
65 56 143 214
49 80 133 218
65 56 99 310
67 56 107 262
61 64 131 198
67 84 93 182
75 72 115 166
67 76 119 166
69 64 127 182
69 76 109 174
73 76 81 218
75 72 97 186
53 84 131 170
55 80 153 166
53 72 145 198
53 76 121 214
51 80 125 206
71 56 131 218
63 52 145 242
79 64 109 202
81 52 113 234
57 68 147 194
75 52 95 274
49 84 133 198
53 76 135 178
57 72 121 206
63 80 121 178
59 60 133 226
49 72 143 218
53 80 97 230
67 64 111 210
53 88 119 170
55 72 153 182
59 88 101 174
49 120 95 174
45 148 97 158
61 60 143 214
59 68 143 194
57 68 131 198
65 160 99 102
69 152 101 102
71 140 101 110
71 116 129 102
43 128 75 234
69 116 57 210
71 64 79 258
71 48 103 314
69 56 119 246
69 64 109 206
75 92 51 254
79 84 73 214
69 88 101 166
55 88 135 162
73 80 91 190
81 64 105 210
63 72 95 226
73 100 55 234
83 96 69 194
75 80 123 154
105 108 133 110
75 108 51 250
75 92 89 170
71 80 159 134
81 76 155 142
77 124 67 150
59 64 87 282
45 68 151 274
57 56 145 274
53 56 145 322
49 64 139 298
43 120 105 186
59 136 211 86
75 68 143 166
71 76 111 166
39 120 95 250
39 148 79 226
31 156 101 226
39 176 97 170
41 140 81 210
61 136 53 210
47 156 81 166
45 156 89 158
43 164 93 158
43 164 103 150
83 76 75 218
67 60 79 310
35 128 161 162
35 124 169 174
31 124 159 218
61 180 119 86
61 140 161 86
65 124 147 90
31 120 165 214
25 160 207 174
33 116 145 210
31 96 149 258
31 108 183 210
29 132 147 226
35 116 151 190
31 120 171 202
41 116 117 194
31 124 121 310
25 144 145 258
27 160 121 226
31 88 197 366
37 84 161 286
41 100 191 166
37 96 187 198
33 116 171 182
35 116 147 194
29 112 175 226
31 144 147 174
29 132 141 238
41 88 121 318
27 124 139 298
33 108 135 294
35 132 99 254
37 132 91 262
37 148 87 198
41 116 97 246
33 108 143 278
27 152 177 162
31 160 135 158
33 136 175 158
25 128 201 226
27 104 187 274
31 100 181 234
35 92 191 226
39 112 153 170
35 108 177 186
25 164 177 178
35 120 145 194
41 148 127 138
37 140 131 158
37 152 121 154
51 120 131 118
35 148 103 210
37 120 97 242
31 144 119 210
57 88 147 146
31 116 123 278
33 136 223 134
27 132 213 210
33 140 215 130
31 128 215 162
33 176 119 170
37 140 105 190
31 132 125 218
25 168 131 202
29 160 117 218
29 160 145 170
27 172 121 194
35 128 133 174
31 152 115 234
29 148 143 186
37 136 139 158
37 124 133 186
29 100 181 266
25 120 165 270
35 96 173 202
29 128 157 226
31 120 191 190
29 116 149 250
25 136 147 226
27 108 185 278
29 132 161 210
33 128 155 182
23 144 171 218
29 128 155 234
27 172 113 210
31 180 113 198
29 136 123 254
29 140 131 222
31 132 111 250
37 100 129 258
39 124 99 226
31 120 145 262
29 120 141 298
37 136 107 214
43 108 163 146
37 136 167 122
45 152 97 154
35 112 167 186
43 84 147 218
31 104 147 290
29 104 173 270
37 84 165 258
33 104 143 282
37 100 193 170
41 96 177 178
35 120 185 162
35 92 137 274
41 80 123 286
39 92 139 242
39 96 141 238
39 88 171 214
39 84 147 246
29 164 161 154
29 156 169 162
33 128 161 178
35 104 153 218
39 88 163 230
35 84 157 338
33 88 155 338
37 132 153 142
37 136 195 118
41 124 201 118
37 116 205 154
35 124 187 158
35 128 145 170
57 96 137 138
55 96 151 126
63 88 145 134
31 148 223 134
31 152 215 130
41 104 127 210
25 152 141 218
25 152 167 194
27 160 167 170
77 40 171 270
69 52 121 250
75 48 193 210
77 48 143 218
67 56 135 222
73 44 199 238
75 44 169 234
53 92 171 138
59 88 177 130
67 64 187 170
85 40 167 270
81 40 193 254
95 36 207 266
57 56 109 342
65 56 101 302
93 40 177 254
69 52 109 278
77 40 143 298
81 52 93 266
65 52 129 274
67 52 125 270
63 52 133 290
69 48 125 270
67 48 109 310
59 52 155 278
57 56 139 290
63 52 107 306
67 48 119 294
83 44 211 230
85 60 231 162
87 36 157 314
69 44 139 282
77 44 115 270
71 40 157 322
61 40 179 398
75 52 135 222
61 52 117 318
69 40 159 350
67 40 165 390
75 48 129 242
49 64 121 342
79 48 135 226
75 48 149 230
85 56 157 182
63 56 103 302
71 44 119 294
33 124 115 298
35 128 93 298
75 96 47 286
79 80 57 262
65 104 49 318
73 116 43 310
73 84 51 322
57 72 73 306
69 72 61 306
61 84 61 342
75 92 47 298
59 112 51 274
57 136 57 218
55 92 81 226
51 104 63 250
59 112 67 230
77 112 45 258
83 116 39 286
59 100 71 242
55 100 59 314
61 112 47 334
61 108 55 254
61 96 63 250
89 120 53 198
97 128 37 254
71 148 41 254
65 120 55 230
71 144 51 214
57 136 53 242
51 140 57 250
49 124 67 254
53 128 61 250
41 132 77 226
51 136 65 194
47 132 65 274
55 124 51 314
63 72 73 258
59 84 71 250
55 84 73 294
85 108 47 238
73 96 51 262
77 116 47 242
37 132 95 246
35 160 97 214
47 156 73 182
49 148 67 194
59 128 47 282
73 136 41 246
57 116 61 222
79 116 51 218
55 116 53 306
61 104 49 326
43 132 71 314
57 132 55 250
49 116 69 246
57 96 65 270
51 112 61 282
49 100 65 342
55 76 73 318
55 112 51 326
65 68 69 290
49 104 73 274
47 120 83 194
51 100 71 282
49 116 81 202
53 96 71 290
29 116 135 318
61 88 59 310
53 96 63 306
59 104 59 246
75 132 49 198
55 152 59 214
67 80 61 270
79 88 47 298
69 84 57 278
63 84 65 254
61 84 65 318
61 68 93 230
65 84 63 274
69 84 53 302
75 160 39 270
67 148 47 218
61 132 55 242
59 140 51 266
67 180 45 218
57 156 61 186
51 132 57 282
77 124 51 210
69 100 55 254
29 116 143 302
31 112 145 302
33 164 105 206
35 164 93 214
45 88 101 254
59 72 71 282
49 92 77 318
41 96 109 282
45 148 65 282
45 112 75 294
45 96 81 314
33 140 107 238
55 120 53 298
57 108 55 266
55 100 57 350
55 96 65 302
31 112 137 318
55 116 59 298
57 104 57 294
59 156 53 218
53 176 57 218
65 84 99 178
79 80 99 170
37 124 171 150
31 92 171 250
35 112 163 198
41 124 133 154
39 112 125 202
33 104 179 202
29 112 171 242
43 76 165 222
37 108 127 218
41 128 111 182
39 128 103 198
47 68 155 222
59 160 59 194
51 76 111 246
47 84 115 218
51 76 129 218
49 148 75 178
41 144 107 166
55 140 87 150
47 160 101 146
71 72 161 154
39 104 103 246
55 148 65 186
51 180 57 230
35 116 167 178
43 108 123 170
53 72 125 218
49 80 145 186
51 64 157 218
51 68 115 246
47 80 97 270
47 68 117 286
55 56 123 326
49 100 81 266
55 92 73 250
51 76 85 286
45 96 91 298
47 92 105 230
45 144 121 130
49 148 105 146
45 136 157 102
37 160 181 98
55 80 87 262
53 68 127 238
59 68 105 238
51 76 103 278
45 100 165 150
47 100 187 138
41 136 201 106
33 112 157 206
43 80 143 230
47 72 133 254
39 96 153 226
37 96 157 222
37 92 163 230
41 76 151 258
45 72 121 266
51 88 105 206
39 92 147 234
43 88 117 242
35 124 101 222
51 64 153 242
45 76 153 214
45 76 119 310
37 104 145 206
41 108 123 202
45 92 111 234
49 84 99 254
33 104 151 246
29 96 191 286
37 84 163 262
35 104 129 238
41 92 153 210
41 96 131 218
43 88 129 238
41 84 163 214
45 92 133 194
39 96 157 206
51 92 87 234
47 104 97 214
53 96 83 242
55 76 169 166
55 88 179 146
47 84 171 162
41 72 173 266
37 124 153 166
49 124 63 258
47 100 71 290
41 132 101 190
41 128 89 222
41 100 99 266
47 88 109 222
37 104 119 266
53 84 87 242
55 60 143 222
53 84 95 226
45 76 139 238
43 100 127 194
45 104 167 146
39 96 185 186
41 76 153 234
61 60 87 318
47 100 93 226
61 56 107 278
53 64 137 270
45 112 89 242
41 116 85 274
39 100 117 254
53 80 87 270
27 128 153 250
33 120 129 226
37 100 131 250
33 108 157 210
39 92 163 222
41 76 163 230
49 148 121 122
39 180 111 154
37 108 179 182
55 132 83 162
57 96 147 130
45 156 81 174
41 156 123 130
37 140 185 118
55 76 127 206
59 80 143 166
43 84 173 206
45 100 133 170
55 92 129 142
55 80 143 174
47 116 101 182
47 96 109 198
37 104 171 198
63 80 105 182
43 88 135 230
49 80 117 226
51 76 113 238
49 100 125 158
39 124 139 166
61 72 171 170
51 88 181 150
57 108 163 110
55 88 191 142
61 76 171 158
53 84 173 154
39 100 155 206
57 68 165 186
37 88 177 206
35 120 159 186
39 112 113 218
41 120 115 194
45 148 67 210
37 100 181 198
39 92 187 198
45 80 143 202
43 80 151 214
47 76 119 230
43 96 139 178
41 96 147 190
43 88 173 178
57 72 135 186
45 72 175 230
41 100 205 154
45 88 167 178
49 68 155 210
61 68 103 202
67 64 83 258
63 96 71 226
37 88 165 234
39 92 145 238
29 116 145 266
29 132 139 242
45 88 93 262
53 60 157 254
47 60 157 334
57 88 171 142
51 108 171 122
59 108 137 110
69 96 161 114
37 104 191 186
53 88 179 150
57 68 213 178
67 76 129 158
55 132 105 126
53 80 207 158
59 84 189 146
57 68 167 182
51 72 197 186
47 72 159 190
47 136 77 186
45 116 93 202
43 132 89 186
43 140 87 186
55 148 73 174
47 152 63 234
37 136 103 218
41 124 85 234
73 56 115 214
67 68 101 190
67 132 47 246
49 152 81 162
73 120 51 230
63 76 109 194
79 100 61 202
69 160 37 290
85 120 43 218
73 104 65 202
79 96 51 246
79 72 57 282
47 124 103 170
43 148 67 250
37 164 87 194
71 56 135 210
61 80 111 182
73 80 141 146
53 184 67 186
67 104 57 262
71 104 51 254
59 132 53 258
55 152 51 234
61 108 67 210
61 100 67 246
89 116 39 230
63 96 173 118
45 104 125 178
51 92 123 166
45 144 189 98
31 136 177 162
57 160 155 82
73 112 137 98
75 148 99 102
61 104 167 110
35 112 143 230
33 144 123 182
29 164 141 174
31 152 117 214
31 136 123 246
33 136 105 266
31 148 111 246
29 168 107 254
31 160 117 190
29 156 113 270
27 188 113 206
31 144 105 270
37 172 145 122
53 176 113 106
79 80 91 186
87 64 105 206
73 80 111 162
69 76 79 226
57 96 75 234
41 108 93 286
51 124 87 178
73 88 59 254
79 108 45 246
75 116 47 262
75 76 57 282
79 120 39 286
67 128 55 206
71 96 75 190
71 88 95 170
77 100 59 210
75 92 59 238
77 84 79 206
77 104 57 230
75 68 93 206
73 76 105 174
73 92 93 162
77 68 107 178
75 68 85 222
83 72 123 162
71 96 117 134
83 84 95 174
81 72 103 182
45 172 81 170
49 176 61 234
77 92 63 226
65 64 79 278
55 172 91 130
47 168 95 154
71 148 51 174
63 144 57 182
49 168 83 154
41 168 103 154
53 148 97 138
53 168 93 130
51 160 87 146
87 56 105 230
75 60 121 206
67 84 125 146
71 72 139 158
85 88 65 214
69 64 69 290
73 52 83 314
83 76 141 150
45 128 71 266
63 120 63 198
75 124 47 222
51 136 91 158
69 140 57 194
55 92 89 198
49 120 75 214
81 136 45 194
65 60 99 238
47 108 73 266
51 112 101 178
35 104 161 210
29 124 147 250
33 104 177 206
31 104 179 238
33 120 175 174
37 108 155 202
37 100 155 226
35 136 149 154
63 76 87 210
63 76 75 230
67 64 77 306
45 92 115 206
53 100 75 258
55 84 95 194
57 68 85 274
63 84 99 182
53 68 141 214
39 160 101 174
37 160 103 174
47 72 143 246
57 84 113 186
53 96 89 210
45 80 121 262
61 72 101 222
53 156 77 162
45 148 93 170
51 160 83 154
43 148 79 218
53 164 61 202
53 108 77 222
49 88 89 246
47 96 93 246
73 68 65 282
51 72 97 294
61 60 99 254
53 92 71 310
69 76 97 178
61 80 81 214
65 64 91 214
55 76 75 294
53 68 111 254
61 72 77 234
67 60 87 294
55 76 111 214
57 76 119 198
69 68 77 254
69 60 81 282
73 68 61 306
81 92 47 254
69 72 81 222
43 84 123 278
43 116 95 230
55 96 81 218
59 100 69 246
69 128 53 222
65 116 55 234
55 132 61 210
61 80 69 246
59 76 67 262
59 100 91 174
57 80 75 254
53 76 83 294
63 76 67 254
37 140 91 234
45 104 91 266
69 168 51 182
65 144 55 198
63 76 121 182
69 64 113 202
59 56 143 222
69 52 125 234
63 64 123 214
67 76 101 182
63 56 165 190
69 56 127 226
73 52 167 202
65 56 127 234
61 56 169 198
71 52 99 326
53 68 175 182
49 64 163 246
53 60 161 246
55 60 133 238
51 124 67 234
79 120 47 222
61 120 91 142
59 112 83 166
59 88 79 222
65 128 61 178
53 88 85 222
47 100 85 270
65 140 59 178
49 76 95 286
55 80 95 238
51 72 95 366
69 64 109 206
71 60 151 166
83 52 123 226
65 56 137 222
59 56 127 290
61 60 139 222
55 88 147 150
67 48 107 366
53 60 139 274
65 48 133 274
61 52 135 274
57 52 141 326
49 64 147 294
69 60 91 270
63 60 97 302
67 52 111 282
73 48 111 266
71 52 153 214
71 64 115 182
57 60 149 198
47 64 157 282
51 68 145 218
55 72 97 238
81 60 119 194
67 60 147 190
65 44 141 306
79 52 131 206
75 56 127 198
81 60 113 210
77 48 107 246
63 68 151 174
59 56 161 214
49 68 171 206
35 84 177 270
65 60 123 222
67 60 115 230
61 88 145 138
65 64 135 174
49 64 157 274
63 176 113 94
73 172 87 106
77 120 145 94
65 52 127 286
69 52 101 306
65 60 89 298
69 88 63 254
71 88 59 262
63 64 115 218
65 84 111 166
69 64 77 274
69 76 171 146
65 84 143 142
63 72 165 170
69 76 173 138
61 92 171 126
33 92 169 310
39 76 177 246
59 48 149 326
59 52 137 302
51 60 143 306
53 100 77 250
77 68 141 166
37 116 105 294
43 168 71 234
31 176 105 210
33 140 89 250
41 160 85 194
33 196 115 178
61 156 57 194
35 164 101 198
83 60 109 214
73 56 79 318
63 116 141 98
29 124 195 186
33 112 167 202
41 88 129 262
37 88 151 238
33 100 161 242
23 138 177 198
33 100 171 238
41 80 131 242
37 84 143 354
39 92 125 298
33 104 139 354
33 116 117 330
47 108 69 322
33 136 123 226
31 140 109 282
29 152 117 246
41 80 187 198
39 116 121 190
39 96 135 250
33 96 175 226
33 112 129 294
43 72 129 366
29 104 157 342
39 112 101 278
37 120 191 154
43 100 93 318
49 108 69 290
39 116 99 310
43 84 121 310
35 176 99 210
29 108 199 258
35 96 161 222
33 92 185 246
39 84 171 226
59 92 131 138
33 96 141 322
35 120 115 238
39 92 133 258
29 144 219 146
35 112 113 274
25 148 127 234
23 156 191 178
27 116 165 270
25 120 157 286
35 116 135 226
35 88 165 262
31 120 181 198
27 128 171 218
39 96 149 230
29 180 107 234
31 176 115 186
33 112 137 266
39 108 121 230
37 112 111 254
35 136 109 214
49 156 101 146
33 116 131 246
41 76 133 346
39 84 127 266
37 96 145 266
37 80 187 250
39 92 189 190
35 88 159 266
39 76 169 342
37 80 165 346
33 112 133 282
41 76 145 278
49 68 139 258
41 80 175 226
47 80 135 214
31 108 175 242
35 80 179 330
45 68 139 322
43 72 135 346
33 84 177 330
33 140 199 134
33 124 201 166
65 80 141 154
63 80 155 142
65 92 129 126
57 100 191 118
27 156 219 146
43 104 101 230
27 148 143 218
27 164 149 182
65 56 109 262
67 48 127 290
69 52 177 218
71 52 127 226
73 52 193 194
73 76 155 146
57 52 149 302
57 52 179 250
67 48 183 246
71 52 163 210
69 48 153 242
89 40 203 238
55 52 185 290
63 48 143 306
55 56 181 250
57 108 179 106
67 72 181 146
53 96 193 130
63 76 201 150
63 72 167 158
63 64 169 174
59 52 111 342
53 60 121 326
59 56 117 334
61 56 105 306
69 56 97 266
71 52 101 278
65 52 159 222
69 44 129 290
67 56 97 306
59 44 175 382
63 48 135 314
75 48 101 270
79 60 113 218
69 56 87 278
59 52 131 306
63 56 121 266
69 48 117 302
59 52 125 330
59 56 121 310
57 56 149 270
55 52 157 318
49 64 151 290
57 60 103 346
69 76 173 138
77 48 207 202
87 76 153 138
57 44 195 370
59 44 189 330
71 60 123 206
73 56 149 194
51 64 127 310
63 44 135 330
61 44 141 370
71 48 139 242
73 44 115 286
45 68 133 326
51 60 123 342
81 72 153 150
65 52 105 302
33 132 105 302
39 96 115 374
39 124 89 302
39 108 95 322
75 80 57 270
83 132 41 238
77 112 43 310
73 104 49 270
61 68 73 306
51 84 91 266
59 80 65 334
49 108 67 326
65 132 47 266
71 112 47 274
73 112 131 106
55 136 55 226
69 104 49 294
63 120 53 238
55 132 57 234
53 120 55 306
53 80 77 286
69 72 65 282
67 88 53 306
47 72 105 278
73 92 59 246
45 132 87 206
43 152 71 238
77 116 49 226
55 100 63 290
69 96 51 286
55 92 67 306
45 124 79 242
63 76 65 278
65 68 77 274
67 72 63 290
69 56 83 314
53 100 69 286
57 100 71 258
43 164 85 174
65 80 59 278
63 72 69 310
67 84 55 286
67 108 49 302
67 100 65 238
51 76 75 302
59 84 63 326
53 76 105 230
63 64 85 238
57 64 101 270
59 60 103 262
51 92 93 214
59 72 117 206
63 84 61 282
71 88 55 274
77 100 49 270
73 112 45 290
67 80 57 294
65 132 55 218
63 148 47 226
65 152 51 210
55 160 75 162
67 112 61 214
67 108 59 234
67 96 59 246
37 136 111 206
53 80 89 254
49 96 71 310
31 140 119 230
57 128 59 250
59 96 57 350
51 92 73 342
85 80 87 186
77 80 103 174
39 112 141 190
39 80 149 258
37 84 173 230
35 92 183 234
43 120 109 182
37 120 137 178
35 84 187 254
49 124 93 182
43 108 105 222
45 168 71 194
55 116 101 150
51 88 83 266
47 116 109 166
57 64 139 198
61 56 133 258
51 68 105 350
57 56 125 298
45 68 141 298
51 56 125 366
47 64 135 326
57 52 125 374
49 72 115 250
53 72 99 286
57 64 109 238
33 124 137 214
43 72 145 278
37 116 117 242
37 116 113 250
53 60 149 262
47 72 147 234
49 72 151 198
41 100 133 206
49 72 113 270
51 80 93 274
41 92 111 278
37 88 141 270
31 100 179 246
29 128 145 250
39 108 135 210
43 92 107 246
39 104 137 198
43 96 199 162
49 76 167 182
43 68 179 274
45 68 153 270
45 60 181 346
55 128 55 274
39 136 125 166
53 76 91 262
49 92 107 206
41 100 113 226
43 80 157 210
49 80 103 266
59 72 77 266
35 104 181 198
29 108 171 294
25 132 177 226
43 72 157 250
49 68 151 230
43 72 169 238
41 80 179 214
57 84 131 162
49 180 65 222
61 84 127 158
53 84 91 238
63 76 191 154
65 92 165 122
59 92 203 126
53 76 183 166
51 60 137 330
41 88 189 190
41 92 181 186
45 100 95 258
51 64 141 278
63 68 141 182
59 72 127 174
43 92 201 174
37 108 201 166
45 80 199 182
53 104 161 122
53 64 141 238
59 80 145 158
61 80 133 166
65 64 117 210
47 76 137 226
67 64 119 194
73 52 119 234
47 92 95 246
55 64 93 278
45 64 155 334
57 48 165 334
45 64 161 314
33 112 187 198
67 56 203 186
59 72 199 158
63 68 197 166
61 60 187 194
43 76 199 218
45 72 191 210
47 64 193 250
53 92 165 146
51 68 173 198
51 60 167 270
51 152 59 226
47 112 91 210
39 144 101 190
73 60 87 262
63 52 129 294
71 60 115 214
65 60 139 194
65 72 125 162
53 72 115 234
77 52 151 202
69 60 149 182
61 92 155 130
27 144 193 186
77 120 175 90
71 100 163 110
33 164 121 182
31 180 121 174
27 148 121 286
31 196 113 194
35 148 95 234
33 128 113 318
71 108 153 106
75 72 107 182
71 84 109 154
71 56 93 254
67 80 131 154
49 196 65 218
77 48 95 310
71 56 81 318
63 164 55 202
69 80 143 138
71 68 63 290
71 60 91 266
69 48 101 338
63 124 65 170
65 140 77 146
91 52 149 194
75 132 53 194
31 112 159 230
37 112 149 198
61 96 71 242
49 68 143 254
51 64 145 266
55 92 87 206
53 152 63 202
57 188 45 250
65 96 79 182
67 52 139 242
69 60 121 214
55 56 145 282
71 84 103 170
73 72 111 186
77 108 61 198
69 60 105 222
81 68 81 222
67 64 79 274
71 92 57 254
43 88 101 286
47 96 89 258
41 116 99 230
59 80 91 218
53 132 59 218
61 76 115 190
59 96 71 246
55 72 85 286
71 56 103 242
69 56 159 194
65 48 145 262
67 52 179 198
69 52 111 266
61 64 167 182
63 64 165 182
51 68 179 190
63 48 165 262
71 48 175 214
67 52 99 338
57 64 189 190
57 56 151 246
61 52 149 246
55 128 91 154
63 108 65 226
71 148 57 170
67 128 69 162
49 84 103 246
65 152 75 146
51 88 87 262
53 68 99 318
75 56 165 174
71 56 155 186
67 44 135 318
59 60 99 338
51 56 163 302
51 56 159 338
53 64 111 286
65 60 81 310
73 44 103 350
63 48 107 378
61 48 149 286
53 60 133 322
43 68 159 314
73 68 133 170
61 56 163 206
45 68 163 258
83 52 99 242
65 48 113 354
61 48 157 278
57 52 147 318
63 56 129 262
71 56 117 226
35 88 155 278
35 88 149 282
65 180 95 102
63 136 51 262
65 64 123 202
63 60 123 242
67 76 207 142
43 64 185 326
39 80 155 254
41 72 183 254
55 52 165 298
33 160 93 234
33 132 109 258
35 120 107 294
37 120 91 274
37 160 81 258
35 92 127 290
45 84 139 206
37 80 171 342
39 80 139 298
25 156 125 266
45 84 191 178
37 92 135 282
37 108 123 254
43 68 151 358
45 68 131 366
53 68 91 366
41 104 97 298
45 84 101 366
51 124 57 310
45 128 131 138
43 120 87 250
49 60 123 366
49 72 103 350
39 100 165 202
31 124 125 254
37 140 97 226
29 128 129 258
27 156 121 258
27 116 159 286
31 104 157 254
29 108 189 262
37 108 139 214
41 72 161 334
41 72 155 338
43 72 137 322
43 80 119 314
47 80 115 234
39 76 167 346
37 76 193 334
45 64 151 358
47 60 147 378
45 64 171 310
37 84 157 318
43 68 157 338
43 68 169 310
27 176 221 138
25 168 221 154
49 92 83 270
31 156 157 150
77 60 95 238
71 72 183 142
69 92 155 118
49 60 161 302
59 48 151 302
55 56 163 258
55 56 183 242
45 64 185 282
55 52 193 282
49 60 191 250
57 56 179 218
63 52 195 210
49 60 153 314
67 52 135 266
57 52 151 290
61 80 197 146
59 68 195 170
77 68 177 154
59 92 173 130
55 64 169 214
61 56 103 346
59 48 137 354
73 52 109 262
71 64 111 206
51 60 135 330
55 52 127 370
49 64 161 250
53 56 151 310
75 80 133 142
69 48 205 218
75 68 197 150
85 76 141 146
75 76 161 142
57 44 203 362
51 52 201 330
63 40 173 358
59 48 145 350
55 52 147 330
61 44 149 362
57 48 157 342
69 48 131 258
65 48 131 306
87 40 149 290
67 44 133 326
47 64 127 346
37 112 107 326
27 140 133 314
43 104 91 326
45 88 89 310
79 68 75 246
79 152 37 254
69 108 51 266
59 116 57 250
47 136 63 266
61 156 51 218
65 92 57 326
65 124 49 246
61 192 109 98
39 120 93 270
67 88 65 250
57 104 59 282
63 64 79 310
43 100 95 294
57 80 67 318
75 104 45 294
51 96 79 286
53 72 89 302
55 76 103 234
59 68 101 246
69 132 51 234
71 108 49 282
65 104 63 226
45 84 133 218
51 172 63 210
43 196 83 206
59 68 159 182
53 60 137 298
47 64 147 306
49 56 149 378
49 60 129 346
61 60 123 246
33 112 143 254
51 60 155 290
53 68 165 206
49 80 89 286
31 148 117 242
53 68 107 262
47 64 159 278
47 56 187 354
43 64 179 346
55 80 89 246
55 68 85 306
27 112 195 270
27 144 141 234
47 60 165 330
39 80 179 238
47 68 189 210
53 76 175 174
41 92 197 182
57 60 111 286
57 84 197 146
55 60 181 218
53 64 205 202
53 112 169 114
63 56 101 342
69 68 139 170
67 76 143 150
65 76 155 158
79 116 153 90
31 192 131 158
29 148 119 318
27 140 139 262
83 52 87 306
71 68 151 158
61 76 157 162
61 116 81 170
67 140 85 130
81 52 157 198
65 184 41 242
61 168 47 274
63 108 73 190
45 132 67 258
63 72 113 198
63 52 143 262
51 76 177 174
65 172 65 162
85 52 189 190
75 52 169 194
57 68 103 246
61 64 85 346
53 72 83 338
53 56 161 286
57 52 165 258
65 52 141 246
47 60 151 362
41 68 183 326
49 56 171 338
61 48 133 346
33 112 123 298
61 132 51 270
39 72 195 334
45 60 191 334
43 104 97 286
35 140 87 282
49 76 111 254
39 76 173 342
31 124 139 238
49 132 61 290
27 148 125 266
35 108 159 206
47 60 153 358
47 60 177 318
29 160 181 134
61 48 179 250
83 64 193 146
65 76 167 150
67 88 171 126
63 96 139 126
73 100 163 110
47 64 175 258
63 56 155 218
47 64 195 242
43 68 189 262
49 64 185 230
49 60 163 290
45 68 201 250
59 52 185 242
51 60 187 238
65 68 183 166
65 48 201 234
63 44 155 294
69 68 171 166
51 84 191 154
59 80 205 150
49 80 205 162
73 72 169 142
87 60 207 154
53 56 131 350
57 52 133 358
73 96 137 118
69 84 155 130
63 52 189 226
85 64 179 154
61 40 187 390
53 52 169 330
61 44 195 322
55 48 185 358
93 44 169 230
79 40 139 306
65 48 127 318
45 80 119 298
53 88 81 270
39 100 107 270
39 96 119 270
81 160 33 290
71 144 45 238
73 100 49 286
73 116 53 218
35 192 97 206
57 72 165 174
51 52 155 386
31 148 109 258
49 84 107 234
51 52 167 358
55 64 131 250
49 56 161 350
59 60 121 254
57 104 217 114
53 64 147 222
49 60 177 258
65 120 159 94
51 88 167 154
77 168 43 214
69 108 65 214
49 112 69 282
65 184 81 130
89 48 203 198
49 76 115 246
55 52 167 294
59 48 171 266
67 48 147 254
49 56 147 382
53 52 155 366
55 48 151 386
33 128 117 274
45 88 129 222
35 116 141 218
59 104 67 238
49 56 159 366
53 56 191 250
67 44 183 278
75 80 189 130
81 76 207 134
75 96 171 110
55 64 201 206
71 44 205 262
69 48 175 234
63 48 127 342
67 40 173 346
75 64 187 158
51 96 201 134
45 104 213 134
61 80 173 150
85 68 189 150
61 72 189 162
67 80 171 138
81 68 215 146
77 64 201 154
55 48 199 318
57 48 153 358
53 52 195 302
39 96 129 262
51 96 161 142
53 52 145 378
57 76 195 162
51 56 183 266
67 112 145 102
69 120 151 94
75 112 57 214
77 176 63 146
95 44 207 226
85 88 183 118
61 100 177 114
73 108 173 102
75 100 177 106
71 48 169 238
69 40 167 318
51 76 197 166
53 96 169 134
59 96 167 122
59 44 183 346
53 52 203 298
53 52 193 310
51 56 149 354
57 48 179 330
51 80 179 170
53 64 199 214
65 140 143 86
77 100 63 206
75 84 153 126
77 104 179 102
81 112 171 94
75 108 155 102
65 44 183 290
75 40 153 294
57 48 187 326
71 44 169 266
