849
23 172 197 282
93 36 201 326
97 160 31 286
55 180 173 62
97 40 205 286
53 176 181 78
57 164 195 82
51 172 183 74
95 152 35 250
85 164 41 262
49 184 211 78
81 128 55 258
51 172 173 82
87 40 177 306
87 104 65 234
83 136 51 294
89 140 55 206
87 48 177 254
51 136 119 138
65 152 129 94
45 156 115 138
61 48 155 362
75 56 119 318
93 156 43 254
87 136 47 262
39 144 203 114
69 88 65 270
75 100 61 258
79 96 65 258
49 136 123 138
51 116 115 170
71 152 51 242
43 188 159 102
79 52 129 286
69 152 51 262
69 164 135 86
91 48 179 242
67 180 143 74
45 168 131 106
45 172 125 122
31 152 147 218
99 48 173 250
43 76 225 302
69 132 133 94
45 132 133 134
69 148 55 210
83 156 53 230
77 160 47 270
33 152 141 178
35 156 147 154
55 132 105 150
39 148 181 122
41 120 153 154
47 132 163 110
59 176 137 78
49 136 113 146
49 156 105 162
47 156 135 122
43 140 127 166
83 132 61 174
35 168 129 154
59 124 59 258
61 156 161 70
85 44 231 246
55 100 125 170
49 152 139 106
73 116 63 246
79 168 45 242
65 172 49 238
97 100 167 126
93 108 51 226
81 100 57 238
43 160 203 98
59 160 137 94
85 132 51 254
43 124 139 166
41 172 113 162
65 144 133 94
39 148 143 126
37 132 169 146
43 128 159 138
47 112 145 146
57 124 99 158
75 48 189 262
73 52 165 258
35 152 185 138
73 152 119 98
55 96 135 170
71 156 55 202
55 64 145 338
35 148 135 198
79 152 107 118
43 116 123 214
83 48 195 226
41 152 217 98
39 136 147 166
85 140 71 158
37 108 189 198
57 92 111 178
65 144 61 218
33 148 141 226
89 136 39 286
53 92 199 138
29 148 199 194
51 172 131 98
63 76 73 262
51 148 135 106
37 152 137 130
45 144 149 102
53 128 111 154
45 112 137 158
45 148 139 118
43 108 173 174
89 60 195 186
43 152 117 202
75 108 59 266
65 132 65 242
57 148 67 210
47 156 103 170
33 128 121 302
39 108 155 194
43 144 157 110
73 56 153 234
43 112 159 174
77 140 49 262
79 144 47 310
41 100 191 178
39 96 195 206
31 156 163 154
61 168 59 254
39 100 177 206
65 108 63 274
71 136 69 178
51 100 129 190
61 84 79 258
33 156 191 150
43 120 149 186
45 156 109 186
69 104 57 278
93 72 163 170
39 160 147 114
59 80 175 174
45 124 147 150
67 128 71 166
45 140 151 118
51 88 131 210
47 96 155 146
49 148 131 134
45 116 113 210
43 128 185 110
35 136 159 190
35 112 143 230
69 60 105 326
41 112 147 206
51 148 95 158
43 108 141 218
65 52 127 298
43 76 177 306
99 60 125 242
51 136 87 198
43 112 139 198
81 52 155 246
73 136 125 98
65 60 111 314
51 88 181 150
71 84 61 270
87 52 165 234
63 60 121 278
63 56 145 282
69 136 67 194
57 72 103 214
67 120 59 266
45 132 97 202
67 112 73 190
53 116 147 118
87 84 153 142
37 132 93 294
43 164 175 98
45 92 135 246
35 96 175 230
77 124 65 190
43 124 183 126
37 148 141 146
91 44 187 234
53 84 167 174
35 92 191 226
35 96 165 342
43 136 173 110
41 120 177 142
47 84 199 202
39 116 147 210
77 48 143 274
57 124 67 226
49 100 173 134
61 60 121 282
71 132 53 234
75 88 105 166
47 116 151 122
47 92 171 170
49 68 159 286
75 148 49 270
43 92 185 186
37 120 197 150
71 192 45 230
41 104 149 214
35 124 161 190
73 140 67 178
43 140 155 118
55 144 111 106
55 160 109 126
91 56 161 222
39 84 227 238
55 128 65 274
41 128 179 130
53 152 93 158
61 156 101 130
89 60 127 234
53 60 149 366
61 88 137 166
37 140 117 234
59 52 173 322
53 60 161 310
53 108 169 122
71 144 69 170
43 100 121 246
61 160 65 218
83 152 99 122
55 88 93 238
55 108 69 218
45 104 167 170
35 128 155 210
43 88 149 222
59 52 137 342
89 64 179 178
69 48 133 318
87 104 49 238
45 84 143 242
41 116 159 186
43 104 155 190
53 136 147 90
69 124 57 202
41 88 133 270
41 104 187 150
53 160 123 110
63 176 97 138
57 136 115 126
47 92 123 226
45 96 113 254
77 112 63 246
71 60 135 218
27 128 187 226
73 56 125 294
79 44 177 270
69 56 127 282
57 60 175 254
67 152 57 202
69 48 155 270
31 156 125 170
83 88 157 138
31 152 129 290
65 52 151 270
75 88 103 178
51 108 201 122
55 104 169 138
61 92 173 138
51 148 111 150
49 140 141 118
45 128 131 142
69 48 153 302
71 56 149 250
57 124 65 266
43 144 119 154
47 68 177 310
51 68 157 298
51 64 167 290
47 152 137 114
41 116 133 222
47 96 109 262
51 64 151 398
57 120 133 98
59 148 103 122
59 108 183 118
57 56 119 366
39 136 161 126
55 112 129 142
49 112 127 150
87 56 135 254
91 68 169 166
87 68 203 162
63 80 183 170
57 60 157 290
73 84 93 206
63 100 71 274
71 60 115 254
37 112 151 218
31 124 153 234
69 56 137 258
45 108 173 158
49 80 119 290
55 108 87 210
53 108 91 234
59 104 93 166
37 92 167 342
65 48 133 326
57 56 135 298
53 112 95 170
77 52 179 234
69 120 61 210
29 132 169 210
73 156 75 138
77 80 85 214
53 116 91 230
33 152 137 238
65 56 139 286
71 160 59 186
41 132 149 134
39 112 191 158
47 92 111 286
45 112 121 222
45 88 137 226
49 144 145 102
49 164 157 98
53 76 101 294
59 60 131 354
51 132 159 98
59 116 109 122
55 132 113 138
73 52 201 242
67 104 89 166
47 176 105 146
33 104 159 226
35 136 139 234
37 128 119 262
49 88 107 238
63 56 153 266
79 80 93 202
71 92 137 130
51 160 119 126
37 160 97 270
99 80 183 138
63 96 157 130
67 88 189 130
85 52 189 218
57 76 119 198
41 116 151 194
29 172 137 146
29 164 153 170
37 172 115 202
65 84 103 198
75 52 153 250
25 148 143 242
41 116 171 150
67 92 187 134
61 120 61 270
67 64 149 190
47 104 143 174
51 88 151 178
37 116 165 174
35 144 159 146
49 112 107 202
61 152 91 154
57 96 109 166
85 100 123 130
25 152 209 210
65 60 129 246
27 156 219 202
43 136 137 134
53 124 109 162
59 56 155 290
49 60 173 330
69 44 169 326
63 132 53 250
71 112 61 250
57 152 97 154
85 100 185 118
39 88 181 230
57 168 105 130
61 72 151 186
55 68 117 238
61 128 127 98
39 112 141 294
45 88 191 182
35 120 173 170
47 100 147 158
75 96 99 150
61 164 91 150
49 112 111 174
43 128 137 142
67 56 153 242
79 44 167 330
61 84 91 230
75 104 75 182
51 88 115 234
73 96 77 206
61 120 73 174
57 60 171 278
49 108 73 298
63 76 93 242
43 140 121 202
45 120 109 202
57 116 155 98
49 124 141 126
53 104 135 142
59 164 81 158
57 168 91 158
45 100 93 278
55 56 137 378
49 80 101 294
59 72 101 302
49 72 119 302
33 124 163 194
55 64 149 258
51 124 69 306
49 104 85 274
47 120 85 242
49 144 139 118
45 160 137 110
53 108 151 130
45 124 113 174
53 92 109 198
47 76 129 238
59 64 107 222
39 104 165 178
37 120 161 178
55 80 101 246
39 124 131 198
33 124 143 218
31 144 153 162
73 88 169 126
31 112 187 246
29 116 145 266
41 132 141 142
65 60 151 210
63 84 133 150
65 96 145 138
69 92 173 122
57 52 161 330
39 124 159 178
67 52 135 266
45 100 133 194
43 120 157 146
49 96 131 190
49 120 143 110
51 160 113 142
53 84 177 166
65 64 91 214
53 96 121 190
43 88 183 218
33 160 141 138
63 100 65 286
67 84 117 170
67 68 115 210
49 84 105 254
55 64 165 254
29 152 177 206
41 140 123 190
37 124 169 170
39 132 165 138
63 108 79 190
35 152 123 198
55 104 85 246
31 184 161 138
33 172 133 162
39 116 117 282
43 124 103 254
67 148 63 162
65 152 71 162
43 124 135 194
35 132 119 238
51 104 123 182
39 132 163 162
41 132 161 118
47 116 131 138
67 80 193 150
53 108 81 282
39 140 127 202
37 120 139 274
29 132 139 242
39 92 145 238
41 96 157 202
63 72 167 174
45 140 111 198
69 84 177 142
31 144 131 242
37 120 151 210
59 92 109 142
37 128 177 150
41 128 177 138
57 88 143 170
49 104 77 290
45 116 131 170
47 92 159 210
59 72 153 210
73 80 191 154
39 112 189 162
67 76 101 182
67 72 97 206
85 76 155 162
49 88 127 222
57 84 97 214
45 120 155 114
41 140 143 130
53 120 125 138
45 124 119 162
49 100 139 142
53 144 129 102
41 188 163 106
45 152 167 86
39 148 139 174
43 124 111 214
53 76 111 242
35 144 89 282
25 124 169 230
37 128 147 198
39 124 123 226
31 128 175 210
61 88 59 310
47 104 137 178
51 116 83 238
69 60 135 238
45 96 125 198
65 128 67 210
73 156 59 190
61 68 191 198
61 80 135 182
67 76 145 166
77 88 137 146
75 104 119 138
57 84 91 274
39 180 171 106
47 92 103 318
37 140 159 138
53 88 95 326
41 96 161 198
59 68 161 206
45 120 87 234
55 80 107 194
63 76 113 186
47 96 119 218
43 104 175 158
39 164 119 190
41 104 121 330
77 76 177 162
81 136 67 162
49 148 65 274
43 100 125 234
63 60 147 214
41 164 111 198
55 72 169 218
57 92 81 230
71 64 115 182
67 68 137 186
45 136 169 106
47 120 97 178
47 120 121 162
43 100 179 158
53 88 113 198
45 108 141 166
43 96 147 214
45 116 83 254
57 100 129 138
37 168 147 114
43 120 187 114
47 108 115 186
49 100 113 202
61 84 81 254
81 76 159 142
59 116 149 110
47 132 171 98
65 72 141 194
69 96 93 154
59 104 131 134
63 92 93 170
51 148 139 86
75 68 103 198
71 60 125 246
69 104 151 118
35 144 147 190
81 56 141 226
45 116 109 226
59 96 63 290
69 64 69 290
57 104 65 278
45 112 85 274
37 124 125 206
33 148 147 186
45 112 131 194
59 80 123 186
57 100 103 146
53 80 131 206
45 84 147 218
43 80 133 254
31 92 171 250
27 180 177 194
61 108 167 118
29 120 203 246
29 124 181 214
51 148 137 102
41 116 121 242
37 136 147 186
35 144 121 202
51 116 119 150
49 124 125 142
47 144 71 274
45 112 91 266
45 144 73 242
47 92 163 186
43 96 159 178
49 100 91 246
45 116 105 230
49 112 83 286
71 104 77 154
73 88 105 170
59 60 173 222
33 140 131 242
51 96 91 330
49 100 85 342
59 88 81 314
33 176 161 130
47 176 163 98
47 164 127 134
49 92 143 162
39 132 131 190
49 148 143 106
63 76 87 250
41 132 131 146
63 84 111 190
47 100 89 322
53 84 127 214
71 76 133 178
73 72 121 174
65 68 143 174
59 76 147 186
43 116 153 182
75 80 143 150
79 72 175 150
57 92 153 150
57 104 69 194
55 116 83 190
53 108 101 166
65 112 77 182
79 80 109 162
43 96 127 230
45 116 171 146
27 196 179 178
43 104 99 258
25 160 207 174
41 136 127 178
45 100 149 174
47 80 123 246
55 92 133 182
51 100 97 202
51 128 141 114
35 140 171 186
41 124 139 186
47 84 133 234
51 68 165 222
57 100 87 190
37 100 163 258
41 80 179 250
27 108 189 274
37 104 169 202
53 84 103 218
55 76 133 214
57 84 125 182
37 152 101 266
49 116 71 250
43 104 89 322
41 108 115 250
49 164 65 250
55 92 77 322
57 76 99 358
55 100 77 270
63 76 95 234
71 60 91 266
35 100 161 266
51 76 139 210
51 96 137 158
51 92 117 210
65 116 99 130
49 72 143 234
53 112 67 254
43 116 131 198
61 100 93 142
79 100 85 186
49 80 135 198
47 104 89 238
53 116 115 146
35 152 129 166
47 132 147 130
39 124 161 166
63 56 165 190
33 132 109 258
63 84 121 166
59 84 123 178
55 96 113 186
43 128 125 202
29 212 225 142
53 132 75 198
55 124 83 166
25 140 219 226
57 120 79 178
71 88 171 134
47 152 113 150
53 76 147 194
41 120 169 146
51 108 95 206
69 64 147 202
41 112 135 234
43 124 107 222
37 132 153 166
55 112 107 162
55 128 105 158
65 76 195 166
61 64 201 206
63 68 157 182
59 144 67 178
51 136 123 118
41 148 123 166
45 152 117 150
77 56 123 274
63 108 103 126
65 108 89 142
61 112 109 110
65 72 67 230
55 88 123 186
29 144 223 206
65 104 121 134
35 128 127 266
35 112 127 302
51 128 87 210
29 108 177 286
35 88 175 302
63 68 123 206
47 132 117 162
45 104 111 250
51 120 71 234
53 80 151 190
49 104 127 162
55 92 85 306
47 112 81 314
51 80 99 302
39 120 131 242
49 120 87 218
45 76 153 250
57 64 131 234
65 100 75 190
39 120 137 190
31 164 157 154
41 156 127 162
43 116 77 322
51 104 73 294
41 116 79 290
49 76 191 206
45 148 121 150
41 72 165 362
35 104 157 302
51 76 127 290
65 84 85 226
69 88 67 214
63 72 143 190
57 116 85 162
55 132 127 118
53 68 141 250
55 116 123 126
61 108 157 126
51 124 91 186
65 76 203 158
61 88 107 174
61 132 105 138
67 116 99 126
51 120 103 170
39 120 119 274
49 96 147 158
55 120 133 118
45 108 121 242
41 136 123 214
63 100 83 210
75 92 77 202
39 128 75 242
45 136 71 298
43 96 123 274
41 128 73 274
41 108 101 258
47 136 109 154
67 100 63 274
69 116 77 174
57 96 79 310
35 112 177 222
59 100 99 174
55 112 77 194
61 76 199 182
63 64 123 214
61 76 99 206
51 100 131 150
55 72 143 222
51 120 135 118
53 120 83 210
45 124 73 274
71 112 69 182
61 88 73 218
61 68 85 254
53 140 99 138
55 88 101 218
51 72 133 254
75 100 91 154
41 140 85 210
41 108 93 286
59 88 87 182
73 112 87 138
55 116 121 130
47 80 155 222
57 64 127 238
43 140 83 218
81 104 83 150
59 108 91 166
65 76 97 210
61 96 89 174
57 80 99 206
79 116 79 134
59 80 97 278
55 76 107 262
55 96 99 202
55 100 91 178
37 108 125 318
69 84 93 210
67 84 99 202
45 148 93 202
51 140 75 178
53 104 115 154
69 104 85 170
57 108 101 162
63 108 81 150
51 80 121 230
53 112 133 142
55 116 131 122
41 132 95 218
53 148 85 162
53 116 135 122
55 128 147 90
59 96 105 154
51 116 171 106
69 124 141 86
51 112 109 182
45 112 199 138
59 112 149 126
51 136 95 182
49 140 77 170
53 124 87 170
